,LIMC,SBGL,EDDF,LEMD,CYYZ,CYVR,EDDT,VIDP,SAEZ,KJFK,LTFM,OMDB,ZBAA,LFPG,ZSPD,EDDM,MMMX,RJAA,EGPH,ESSA,LFQQ,BIKF,LDZA,LGAV,EFRO,LKPR,LPPT,EFHK,EBBR,EHEH,EETN,FACT,EIDW
LIMC,0.0,9240.443773621446,490.1396104415254,1148.5660668194528,6609.43313822485,8490.289487372997,839.4229173232067,6159.502244229665,11200.030488781033,6411.630216485815,1683.3050965704033,4708.190352626581,8094.086522767396,597.647227692862,9145.462921839513,382.4534017470018,9775.445770070051,9749.009266937597,1423.7549912527588,1675.0268443034151,689.0474073989398,2789.8815830930635,571.2976495991094,1521.438716868451,2538.132936085888,647.0153232599317,1650.4062874119006,1951.0929540754787,664.3952506566018,692.3835754883867,1870.2436430922335,8906.660841148243,1381.192654254011
SBGL,9240.443773621446,0.0,9568.283601551813,8146.258928316377,8271.186132408277,11212.325649046332,9999.899573136834,14063.511167522962,1995.428353470573,7729.093708099038,10271.767959942494,11884.360300095565,17318.624718116444,9184.123131785209,18271.284864397905,9616.447470619587,7665.076602134776,18531.195791108297,9529.814395113926,10709.342326685113,9339.141101101264,9842.304164811861,9684.845164511811,9730.98460712888,11451.376242794004,9879.080082772547,7714.979604082941,11078.85214073269,9432.38980302497,9519.607478719365,11021.75343361116,6087.871598998781,9192.749867185408
EDDF,490.1396104415254,9568.283601551813,0.0,1422.050572145159,6342.662219553331,8062.180754267541,431.6826244968808,6121.185112535329,11502.137750607373,6189.1542734461045,1837.858012568955,4842.872064752151,7788.395209245619,449.00506895345995,8857.834873324387,299.0736493547062,9551.980932636412,9366.014476753255,1032.8584656977316,1222.987175365273,392.7983156454291,2379.55963806095,734.44155732098,1815.8370182307754,2079.668281738598,406.27801971921986,1873.84706028188,1537.9389925099097,304.70667836915743,274.34672759363383,1467.8755620952131,9393.055953949077,1086.8940196113897
LEMD,1148.5660668194528,8146.258928316377,1422.050572145159,0.0,6058.631933989723,8426.398460222947,1853.640992836451,7255.328214906565,10084.891062660701,5762.025471470951,2702.2488319417575,5648.573067280119,9206.378510653298,1064.514287652328,10270.038168674499,1496.9693797182808,9066.890918984103,10771.365389773611,1721.1421621023853,2601.3493707511634,1235.5813496072453,2888.0069315874402,1692.5382745319923,2377.4313326404604,3422.0000222935455,1750.6615229202562,512.8845584370001,2947.4320721225527,1315.552739483112,1400.4404453661639,2883.3149200833927,8584.107113717999,1454.225118962622
CYYZ,6609.43313822485,8271.186132408277,6342.662219553331,6058.631933989723,0.0,3346.065262820104,6477.895440186134,11639.223104050201,8985.871186138354,587.4088954268707,8171.274964889148,11080.592571500489,10560.263711728265,6018.511701618143,11414.11558758609,6639.638079367699,3247.890977992751,10299.375959386833,5342.430556810266,6311.706893929508,5973.892370679363,4202.689344520942,7071.777341214486,8127.399159836934,6243.416783834656,6682.817209516884,5739.078245285105,6598.71606358994,6043.2341631455665,6069.742465228985,6650.662663103135,13136.631844292497,5259.66456365284
CYVR,8490.289487372997,11212.325649046332,8062.180754267541,8426.398460222947,3346.065262820104,0.0,7979.429067098594,11138.384837166739,11306.011894863244,3929.667087827683,9588.351242168645,11735.171711494506,8491.592942617246,7924.983796384183,9016.027042522252,8340.059905344417,3944.571933641011,7503.3643827802725,7067.373027293543,7411.6744673739295,7804.029472119836,5701.731716788582,8746.620493868128,9800.56504320369,6878.634761429539,8252.779547259795,8288.503867714651,7505.149627195536,7827.183480204533,7809.899033180775,7595.2331088364135,16465.20953208748,7164.329817709851
EDDT,839.4229173232067,9999.899573136834,431.6826244968808,1853.640992836451,6477.895440186134,7979.429067098594,0.0,5785.915771305621,11933.024922521272,6367.419669376641,1712.5684114372132,4634.536188630778,7357.370941408385,850.4974971095637,8428.152127029933,479.5750967765883,9713.650891230824,8941.163890156917,1142.604257606154,838.7723740907484,737.3544487142678,2379.1423258300797,784.5721209488278,1823.2230335509435,1701.8548750228817,281.576913555292,2302.6857424820937,1118.8430222369009,633.1798423077714,554.9586303035887,1043.7146044590377,9635.66209352229,1308.440821698761
VIDP,6159.502244229665,14063.511167522962,6121.185112535329,7255.328214906565,11639.223104050201,11138.384837166739,5785.915771305621,0.0,15794.490572393017,11754.94829850792,4566.047060442222,2183.190603769457,3811.22316900493,6565.92854943909,4292.294164011961,5899.979912189503,14662.708439597296,5909.250123279566,6836.246415386642,5583.875141564338,6501.080434257892,7593.777972803409,5589.209484397878,4983.851376266188,5439.118104243794,5714.970423703678,7767.803301105655,5223.847444426262,6399.817544030502,6331.400341379829,5200.6264450305825,9282.845350520629,7074.36258815461
SAEZ,11200.030488781033,1995.428353470573,11502.137750607373,10084.891062660701,8985.871186138354,11306.011894863244,11933.024922521272,15794.490572393017,0.0,8534.711892841717,12266.824206187948,13675.498953376862,19289.70928642004,11100.067083107158,19605.48726466171,11571.029543749757,7396.77973611544,18297.19994521465,11358.623493704585,12598.548940741373,11246.712767060582,11460.844970957083,11662.142744355435,11725.05562218717,13282.900559270385,11830.92337423204,9632.30052917482,12981.387744901565,11343.810900959297,11430.931607617464,12932.640473630083,6886.082041979985,11025.405820274522
KJFK,6411.630216485815,7729.093708099038,6189.1542734461045,5762.025471470951,587.4088954268707,3929.667087827683,6367.419669376641,11754.94829850792,8534.711892841717,0.0,8027.011333646928,11000.82939708662,10977.61138682235,5833.386425117882,11872.965768605623,6480.773715334404,3365.6070797424704,10829.468019943439,5224.818687727301,6291.593874633475,5807.873795019511,4197.785190963327,6905.329783235579,7932.455806289573,6318.434484589655,6550.828678253268,5404.309620041176,6606.914800539541,5885.3697807968165,5920.872953839785,6649.356410602336,12560.803274067739,5102.730002183939
LTFM,1683.3050965704033,10271.767959942494,1837.858012568955,2702.2488319417575,8171.274964889148,9588.351242168645,1712.5684114372132,4566.047060442222,12266.824206187948,8027.011333646928,0.0,3027.9011773987722,7061.75886204329,2213.88650722904,8021.792958328303,1547.9829132915345,11389.29648462006,8980.31098908937,2830.767342771072,2177.481833179683,2221.5840343980844,4087.246738830808,1135.558870168953,552.3631359390542,2818.8505107888336,1489.3589955451396,3211.7174335800105,2134.8799157182702,2141.818322400416,2107.001771303601,2037.0282863908224,8429.362191332484,2924.4683551417634
OMDB,4708.190352626581,11884.360300095565,4842.872064752151,5648.573067280119,11080.592571500489,11735.171711494506,4634.536188630778,2183.190603769457,13675.498953376862,11000.82939708662,3027.9011773987722,0.0,5846.428408163956,5238.30373722851,6448.573340149029,4563.68638327735,14328.390980757462,7978.6421393820765,5776.784700011543,4784.718435844448,5233.556863398388,6885.950773003389,4162.586440529364,3271.3092464029237,5027.306459147683,4463.278821580964,6137.549256169119,4537.025110362885,5147.156165772344,5102.345397401615,4471.733222742804,7644.498781549268,5918.191105076748
ZBAA,8094.086522767396,17318.624718116444,7788.395209245619,9206.378510653298,10560.263711728265,8491.592942617246,7357.370941408385,3811.22316900493,19289.70928642004,10977.61138682235,7061.75886204329,5846.428408163956,0.0,8189.724353071151,1098.8391881220052,7721.985707506109,12435.185662210233,2133.3180240322217,7936.25672217657,6691.864080722933,8042.99692176469,7870.884193010363,7637.516242212898,7607.430542904929,6013.908578937793,7461.550939385754,9657.682879314776,6308.537771925007,7945.907748157385,7858.784279958065,6357.094712899396,12967.734897763023,8268.747197889683
LFPG,597.647227692862,9184.123131785209,449.00506895345995,1064.514287652328,6018.511701618143,7924.983796384183,850.4974971095637,6565.92854943909,11100.067083107158,5833.386425117882,2213.88650722904,5238.30373722851,8189.724353071151,0.0,9266.538821703734,681.5692933331298,9198.923534624388,9709.31227814645,868.6768639079258,1539.1555178390888,177.29972762352907,2225.1176543641695,1079.12295434704,2108.8935232724316,2358.800861619531,852.6058359792816,1469.9632862919395,1895.5582344575273,251.42649654422516,337.5067385741307,1837.8392888325443,9363.399547331674,784.9693369031335
ZSPD,9145.462921839513,18271.284864397905,8857.834873324387,10270.038168674499,11414.11558758609,9016.027042522252,8428.152127029933,4292.294164011961,19605.48726466171,11872.965768605623,8021.792958328303,6448.573340149029,1098.8391881220052,9266.538821703734,0.0,8778.291229474024,12896.888950685934,1795.1653470701212,9032.685343726816,7780.26414951412,9123.256093925884,8956.580903846041,8670.244773563427,8557.446927892031,7111.796723483437,8520.514010353765,10730.78496714352,7393.997300475772,9024.973770238224,8938.065932826861,7439.701976930367,12989.53522682959,9364.445984146492
EDDM,382.4534017470018,9616.447470619587,299.0736493547062,1496.9693797182808,6639.638079367699,8340.059905344417,479.5750967765883,5899.979912189503,11571.029543749757,6480.773715334404,1547.9829132915345,4563.68638327735,7721.985707506109,681.5692933331298,8778.291229474024,0.0,9844.86446381779,9366.60393351221,1330.3366233869128,1317.3110466843007,673.6101624423094,2669.2628149565803,435.372805823521,1517.8783303811158,2179.5591456309016,264.80111614065527,1983.6079398270863,1574.5399279099283,596.828250612871,573.3926461914037,1491.5970050572942,9179.18835595483,1381.2860601870107
MMMX,9775.445770070051,7665.076602134776,9551.980932636412,9066.890918984103,3247.890977992751,3944.571933641011,9713.650891230824,14662.708439597296,7396.77973611544,3365.6070797424704,11389.29648462006,14328.390980757462,12435.185662210233,9198.923534624388,12896.888950685934,9844.86446381779,0.0,11253.545374395047,8573.011598267407,9555.32776316363,9172.519686277623,7447.576134836068,10270.57949825156,11295.07456624003,9429.19591909452,9907.578033808217,8664.536583495246,9830.89999106367,9248.791253224706,9282.302300217629,9887.012309094367,13711.343976959879,8465.097546487645
RJAA,9749.009266937597,18531.195791108297,9366.014476753255,10771.365389773611,10299.375959386833,7503.3643827802725,8941.163890156917,5909.250123279566,18297.19994521465,10829.468019943439,8980.31098908937,7978.6421393820765,2133.3180240322217,9709.31227814645,1795.1653470701212,9366.60393351221,11253.545374395047,0.0,9254.53199963534,8170.395509786672,9543.069153437295,8798.321608971684,9373.225157229546,9532.669034889863,7370.85294938375,9102.009097801203,11153.913596141403,7828.74735963798,9457.890709909856,9372.118080501896,7898.436176812024,14780.473523154042,9590.00408587783
EGPH,1423.7549912527588,9529.814395113926,1032.8584656977316,1721.1421621023853,5342.430556810266,7067.373027293543,1142.604257606154,6836.246415386642,11358.623493704585,5224.818687727301,2830.767342771072,5776.784700011543,7936.25672217657,868.6768639079258,9032.685343726816,1330.3366233869128,8573.011598267407,9254.53199963534,0.0,1320.2510546542144,736.7464462666057,1366.1622281126076,1764.554368661314,2848.2113604641363,1927.0385770142573,1341.4084262122346,1956.1303624433278,1717.6968421996937,764.8529460052239,761.9890447440483,1705.517234342453,10213.775685686389,337.2039534199319
ESSA,1675.0268443034151,10709.342326685113,1222.987175365273,2601.3493707511634,6311.706893929508,7411.6744673739295,838.7723740907484,5583.875141564338,12598.548940741373,6291.593874633475,2177.481833179683,4784.718435844448,6691.864080722933,1539.1555178390888,7780.26414951412,1317.3110466843007,9555.32776316363,8170.395509786672,1320.2510546542144,0.0,1375.4704625714714,2109.0743457943413,1551.7236859844388,2452.3533525122343,863.3297003586031,1086.9490092945773,2998.3052371348076,398.5689357775947,1287.8123921554281,1201.790094986564,389.62412735087645,10410.637422820557,1624.7526881721867
LFQQ,689.0474073989398,9339.141101101264,392.7983156454291,1235.5813496072453,5973.892370679363,7804.029472119836,737.3544487142678,6501.080434257892,11246.712767060582,5807.873795019511,2221.5840343980844,5233.556863398388,8042.99692176469,177.29972762352907,9123.256093925884,673.6101624423094,9172.519686277623,9543.069153437295,736.7464462666057,1375.4704625714714,0.0,2102.4846976713584,1099.1833149167103,2161.2853740484825,2186.4196889276245,793.0800262284977,1624.5352370256298,1739.9740827336304,104.17464565809286,187.09147772320674,1686.475455041425,9522.742717702058,715.1697675357511
BIKF,2789.8815830930635,9842.304164811861,2379.55963806095,2888.0069315874402,4202.689344520942,5701.731716788582,2379.1423258300797,7593.777972803409,11460.844970957083,4197.785190963327,4087.246738830808,6885.950773003389,7870.884193010363,2225.1176543641695,8956.580903846041,2669.2628149565803,7447.576134836068,8798.321608971684,1366.1622281126076,2109.0743457943413,2102.4846976713584,0.0,3094.6660800724226,4176.891888856657,2177.0499490729367,2628.101221542469,2942.307926147029,2409.583253800543,2128.9170434945413,2117.6234281227908,2454.7484880957145,11472.045420118653,1486.395041095137
LDZA,571.2976495991094,9684.845164511811,734.44155732098,1692.5382745319923,7071.777341214486,8746.620493868128,784.5721209488278,5589.209484397878,11662.142744355435,6905.329783235579,1135.558870168953,4162.586440529364,7637.516242212898,1079.12295434704,8670.244773563427,435.372805823521,10270.57949825156,9373.225157229546,1764.554368661314,1551.7236859844388,1099.1833149167103,3094.6660800724226,0.0,1084.793589115557,2385.7771646126907,503.18469523171706,2202.428641890457,1722.928893753889,1028.9384999379752,1008.7302268245519,1628.0765988832688,8867.258411800965,1812.1546193462373
LGAV,1521.438716868451,9730.98460712888,1815.8370182307754,2377.4313326404604,8127.399159836934,9800.56504320369,1823.2230335509435,4983.851376266188,11725.05562218717,7932.455806289573,552.3631359390542,3271.3092464029237,7607.430542904929,2108.8935232724316,8557.446927892031,1517.8783303811158,11295.07456624003,9532.669034889863,2848.2113604641363,2452.3533525122343,2161.2853740484825,4176.891888856657,1084.793589115557,0.0,3184.843224387242,1555.754332455913,2870.399397724636,2489.6794411140104,2101.487122926399,2089.016063229445,2389.0689513250063,8014.8303514408435,2875.9209801847924
EFRO,2538.132936085888,11451.376242794004,2079.668281738598,3422.0000222935455,6243.416783834656,6878.634761429539,1701.8548750228817,5439.118104243794,13282.900559270385,6318.434484589655,2818.8505107888336,5027.306459147683,6013.908578937793,2358.800861619531,7111.796723483437,2179.5591456309016,9429.19591909452,7370.85294938375,1927.0385770142573,863.3297003586031,2186.4196889276245,2177.0499490729367,2385.7771646126907,3184.843224387242,0.0,1942.94896284112,3783.3341214037023,695.2573510545288,2109.419990192777,2026.9394149057935,795.9448462888196,11195.351682199891,2262.6890021087634
LKPR,647.0153232599317,9879.080082772547,406.27801971921986,1750.6615229202562,6682.817209516884,8252.779547259795,281.576913555292,5714.970423703678,11830.92337423204,6550.828678253268,1489.3589955451396,4463.278821580964,7461.550939385754,852.6058359792816,8520.514010353765,264.80111614065527,9907.578033808217,9102.009097801203,1341.4084262122346,1086.9490092945773,793.0800262284977,2628.101221542469,503.18469523171706,1555.754332455913,1942.94896284112,0.0,2228.9079544309607,1319.6263258874899,696.6701556393344,642.0340692834425,1234.036333291913,9358.288777530079,1454.9163652752302
LPPT,1650.4062874119006,7714.979604082941,1873.84706028188,512.8845584370001,5739.078245285105,8288.503867714651,2302.6857424820937,7767.803301105655,9632.30052917482,5404.309620041176,3211.7174335800105,6137.549256169119,9657.682879314776,1469.9632862919395,10730.78496714352,1983.6079398270863,8664.536583495246,11153.913596141403,1956.1303624433278,2998.3052371348076,1624.5352370256298,2942.307926147029,2202.428641890457,2870.399397724636,3783.3341214037023,2228.9079544309607,0.0,3363.876975912895,1717.441913766903,1804.6765643174188,3307.6755735702613,8579.965571388671,1642.4746695558613
EFHK,1951.0929540754787,11078.85214073269,1537.9389925099097,2947.4320721225527,6598.71606358994,7505.149627195536,1118.8430222369009,5223.847444426262,12981.387744901565,6606.914800539541,2134.8799157182702,4537.025110362885,6308.537771925007,1895.5582344575273,7393.997300475772,1574.5399279099283,9830.89999106367,7828.74735963798,1717.6968421996937,398.5689357775947,1739.9740827336304,2409.583253800543,1722.928893753889,2489.6794411140104,695.2573510545288,1319.6263258874899,3363.876975912895,0.0,1646.5424706420476,1559.3618854820566,100.72063567001045,10500.580656352362,2023.288540062737
EBBR,664.3952506566018,9432.38980302497,304.70667836915743,1315.552739483112,6043.2341631455665,7827.183480204533,633.1798423077714,6399.817544030502,11343.810900959297,5885.3697807968165,2141.818322400416,5147.156165772344,7945.907748157385,251.42649654422516,9024.973770238224,596.828250612871,9248.791253224706,9457.890709909856,764.8529460052239,1287.8123921554281,104.17464565809286,2128.9170434945413,1028.9384999379752,2101.487122926399,2109.419990192777,696.6701556393344,1717.441913766903,1646.5424706420476,0.0,87.26507901126318,1590.7996147657782,9538.261583682088,784.4652218415466
EHEH,692.3835754883867,9519.607478719365,274.34672759363383,1400.4404453661639,6069.742465228985,7809.899033180775,554.9586303035887,6331.400341379829,11430.931607617464,5920.872953839785,2107.001771303601,5102.345397401615,7858.784279958065,337.5067385741307,8938.065932826861,573.3926461914037,9282.302300217629,9372.118080501896,761.9890447440483,1201.790094986564,187.09147772320674,2117.6234281227908,1008.7302268245519,2089.016063229445,2026.9394149057935,642.0340692834425,1804.6765643174188,1559.3618854820566,87.26507901126318,0.0,1503.538739642221,9586.034315842975,818.4419646564614
EETN,1870.2436430922335,11021.75343361116,1467.8755620952131,2883.3149200833927,6650.662663103135,7595.2331088364135,1043.7146044590377,5200.6264450305825,12932.640473630083,6649.356410602336,2037.0282863908224,4471.733222742804,6357.094712899396,1837.8392888325443,7439.701976930367,1491.5970050572942,9887.012309094367,7898.436176812024,1705.517234342453,389.62412735087645,1686.475455041425,2454.7484880957145,1628.0765988832688,2389.0689513250063,795.9448462888196,1234.036333291913,3307.6755735702613,100.72063567001045,1590.7996147657782,1503.538739642221,0.0,10399.864784061421,2002.9192181397093
FACT,8906.660841148243,6087.871598998781,9393.055953949077,8584.107113717999,13136.631844292497,16465.20953208748,9635.66209352229,9282.845350520629,6886.082041979985,12560.803274067739,8429.362191332484,7644.498781549268,12967.734897763023,9363.399547331674,12989.53522682959,9179.18835595483,13711.343976959879,14780.473523154042,10213.775685686389,10410.637422820557,9522.742717702058,11472.045420118653,8867.258411800965,8014.8303514408435,11195.351682199891,9358.288777530079,8579.965571388671,10500.580656352362,9538.261583682088,9586.034315842975,10399.864784061421,0.0,10009.776088175524
EIDW,1381.192654254011,9192.749867185408,1086.8940196113897,1454.225118962622,5259.66456365284,7164.329817709851,1308.440821698761,7074.36258815461,11025.405820274522,5102.730002183939,2924.4683551417634,5918.191105076748,8268.747197889683,784.9693369031335,9364.445984146492,1381.2860601870107,8465.097546487645,9590.00408587783,337.2039534199319,1624.7526881721867,715.1697675357511,1486.395041095137,1812.1546193462373,2875.9209801847924,2262.6890021087634,1454.9163652752302,1642.4746695558613,2023.288540062737,784.4652218415466,818.4419646564614,2002.9192181397093,10009.776088175524,0.0
