,LIME,MMMX,OMDB,LFPG,ZBAA,EDDM,ZSPD,LEMD,VIDP,SAEZ,CYVR,LTFM,CYYZ,EDDT,SBGL,KJFK,RJAA,EDDF,LDZA,LFQQ,EBBR,EFHK,EGPH,LPPT,EFRO,EHEH,EIDW,LGAV,FACT,BIKF,EETN,ESSA,LKPR
LIME,0.0,9842.13188680207,4634.411696551434,654.1798188036887,8032.26904485344,337.8149533285702,9081.345720298381,1220.367427968824,6082.706185320692,11262.454460082292,8524.300246721084,1608.6007846928012,6671.136708671728,809.2271754296073,9300.145436141222,6477.675550240074,9698.334104120337,492.550415734113,494.3715279576347,731.8948304163779,697.6241308496129,1912.2938553387621,1461.4919162938756,1724.0154738241492,2510.9812975034515,716.9528370522909,1433.663567238871,1457.2765076695869,8900.787773541293,2826.491908642492,1829.3731684707757,1647.7243899240607,598.695349516173
MMMX,9842.13188680207,0.0,14328.390980757462,9198.923534624388,12435.185662210233,9844.86446381779,12896.888950685934,9066.890918984103,14662.708439597296,7396.77973611544,3944.571933641011,11389.29648462006,3247.890977992751,9713.650891230824,7665.076602134776,3365.6070797424704,11253.545374395047,9551.980932636412,10270.57949825156,9172.519686277623,9248.791253224706,9830.89999106367,8573.011598267407,8664.536583495246,9429.19591909452,9282.302300217629,8465.097546487645,11295.07456624003,13711.343976959879,7447.576134836068,9887.012309094367,9555.32776316363,9907.578033808217
OMDB,4634.411696551434,14328.390980757462,0.0,5238.30373722851,5846.428408163956,4563.68638327735,6448.573340149029,5648.573067280119,2183.190603769457,13675.498953376862,11735.171711494506,3027.9011773987722,11080.592571500489,4634.536188630778,11884.360300095565,11000.82939708662,7978.6421393820765,4842.872064752151,4162.586440529364,5233.556863398388,5147.156165772344,4537.025110362885,5776.784700011543,6137.549256169119,5027.306459147683,5102.345397401615,5918.191105076748,3271.3092464029237,7644.498781549268,6885.950773003389,4471.733222742804,4784.718435844448,4463.278821580964
LFPG,654.1798188036887,9198.923534624388,5238.30373722851,0.0,8189.724353071151,681.5692933331298,9266.538821703734,1064.514287652328,6565.92854943909,11100.067083107158,7924.983796384183,2213.88650722904,6018.511701618143,850.4974971095637,9184.123131785209,5833.386425117882,9709.31227814645,449.00506895345995,1079.12295434704,177.29972762352907,251.42649654422516,1895.5582344575273,868.6768639079258,1469.9632862919395,2358.800861619531,337.5067385741307,784.9693369031335,2108.8935232724316,9363.399547331674,2225.1176543641695,1837.8392888325443,1539.1555178390888,852.6058359792816
ZBAA,8032.26904485344,12435.185662210233,5846.428408163956,8189.724353071151,0.0,7721.985707506109,1098.8391881220052,9206.378510653298,3811.22316900493,19289.70928642004,8491.592942617246,7061.75886204329,10560.263711728265,7357.370941408385,17318.624718116444,10977.61138682235,2133.3180240322217,7788.395209245619,7637.516242212898,8042.99692176469,7945.907748157385,6308.537771925007,7936.25672217657,9657.682879314776,6013.908578937793,7858.784279958065,8268.747197889683,7607.430542904929,12967.734897763023,7870.884193010363,6357.094712899396,6691.864080722933,7461.550939385754
EDDM,337.8149533285702,9844.86446381779,4563.68638327735,681.5692933331298,7721.985707506109,0.0,8778.291229474024,1496.9693797182808,5899.979912189503,11571.029543749757,8340.059905344417,1547.9829132915345,6639.638079367699,479.5750967765883,9616.447470619587,6480.773715334404,9366.60393351221,299.0736493547062,435.372805823521,673.6101624423094,596.828250612871,1574.5399279099283,1330.3366233869128,1983.6079398270863,2179.5591456309016,573.3926461914037,1381.2860601870107,1517.8783303811158,9179.18835595483,2669.2628149565803,1491.5970050572942,1317.3110466843007,264.80111614065527
ZSPD,9081.345720298381,12896.888950685934,6448.573340149029,9266.538821703734,1098.8391881220052,8778.291229474024,0.0,10270.038168674499,4292.294164011961,19605.48726466171,9016.027042522252,8021.792958328303,11414.11558758609,8428.152127029933,18271.284864397905,11872.965768605623,1795.1653470701212,8857.834873324387,8670.244773563427,9123.256093925884,9024.973770238224,7393.997300475772,9032.685343726816,10730.78496714352,7111.796723483437,8938.065932826861,9364.445984146492,8557.446927892031,12989.53522682959,8956.580903846041,7439.701976930367,7780.26414951412,8520.514010353765
LEMD,1220.367427968824,9066.890918984103,5648.573067280119,1064.514287652328,9206.378510653298,1496.9693797182808,10270.038168674499,0.0,7255.328214906565,10084.891062660701,8426.398460222947,2702.2488319417575,6058.631933989723,1853.640992836451,8146.258928316377,5762.025471470951,10771.365389773611,1422.050572145159,1692.5382745319923,1235.5813496072453,1315.552739483112,2947.4320721225527,1721.1421621023853,512.8845584370001,3422.0000222935455,1400.4404453661639,1454.225118962622,2377.4313326404604,8584.107113717999,2888.0069315874402,2883.3149200833927,2601.3493707511634,1750.6615229202562
VIDP,6082.706185320692,14662.708439597296,2183.190603769457,6565.92854943909,3811.22316900493,5899.979912189503,4292.294164011961,7255.328214906565,0.0,15794.490572393017,11138.384837166739,4566.047060442222,11639.223104050201,5785.915771305621,14063.511167522962,11754.94829850792,5909.250123279566,6121.185112535329,5589.209484397878,6501.080434257892,6399.817544030502,5223.847444426262,6836.246415386642,7767.803301105655,5439.118104243794,6331.400341379829,7074.36258815461,4983.851376266188,9282.845350520629,7593.777972803409,5200.6264450305825,5583.875141564338,5714.970423703678
SAEZ,11262.454460082292,7396.77973611544,13675.498953376862,11100.067083107158,19289.70928642004,11571.029543749757,19605.48726466171,10084.891062660701,15794.490572393017,0.0,11306.011894863244,12266.824206187948,8985.871186138354,11933.024922521272,1995.428353470573,8534.711892841717,18297.19994521465,11502.137750607373,11662.142744355435,11246.712767060582,11343.810900959297,12981.387744901565,11358.623493704585,9632.30052917482,13282.900559270385,11430.931607617464,11025.405820274522,11725.05562218717,6886.082041979985,11460.844970957083,12932.640473630083,12598.548940741373,11830.92337423204
CYVR,8524.300246721084,3944.571933641011,11735.171711494506,7924.983796384183,8491.592942617246,8340.059905344417,9016.027042522252,8426.398460222947,11138.384837166739,11306.011894863244,0.0,9588.351242168645,3346.065262820104,7979.429067098594,11212.325649046332,3929.667087827683,7503.3643827802725,8062.180754267541,8746.620493868128,7804.029472119836,7827.183480204533,7505.149627195536,7067.373027293543,8288.503867714651,6878.634761429539,7809.899033180775,7164.329817709851,9800.56504320369,16465.20953208748,5701.731716788582,7595.2331088364135,7411.6744673739295,8252.779547259795
LTFM,1608.6007846928012,11389.29648462006,3027.9011773987722,2213.88650722904,7061.75886204329,1547.9829132915345,8021.792958328303,2702.2488319417575,4566.047060442222,12266.824206187948,9588.351242168645,0.0,8171.274964889148,1712.5684114372132,10271.767959942494,8027.011333646928,8980.31098908937,1837.858012568955,1135.558870168953,2221.5840343980844,2141.818322400416,2134.8799157182702,2830.767342771072,3211.7174335800105,2818.8505107888336,2107.001771303601,2924.4683551417634,552.3631359390542,8429.362191332484,4087.246738830808,2037.0282863908224,2177.481833179683,1489.3589955451396
CYYZ,6671.136708671728,3247.890977992751,11080.592571500489,6018.511701618143,10560.263711728265,6639.638079367699,11414.11558758609,6058.631933989723,11639.223104050201,8985.871186138354,3346.065262820104,8171.274964889148,0.0,6477.895440186134,8271.186132408277,587.4088954268707,10299.375959386833,6342.662219553331,7071.777341214486,5973.892370679363,6043.2341631455665,6598.71606358994,5342.430556810266,5739.078245285105,6243.416783834656,6069.742465228985,5259.66456365284,8127.399159836934,13136.631844292497,4202.689344520942,6650.662663103135,6311.706893929508,6682.817209516884
EDDT,809.2271754296073,9713.650891230824,4634.536188630778,850.4974971095637,7357.370941408385,479.5750967765883,8428.152127029933,1853.640992836451,5785.915771305621,11933.024922521272,7979.429067098594,1712.5684114372132,6477.895440186134,0.0,9999.899573136834,6367.419669376641,8941.163890156917,431.6826244968808,784.5721209488278,737.3544487142678,633.1798423077714,1118.8430222369009,1142.604257606154,2302.6857424820937,1701.8548750228817,554.9586303035887,1308.440821698761,1823.2230335509435,9635.66209352229,2379.1423258300797,1043.7146044590377,838.7723740907484,281.576913555292
SBGL,9300.145436141222,7665.076602134776,11884.360300095565,9184.123131785209,17318.624718116444,9616.447470619587,18271.284864397905,8146.258928316377,14063.511167522962,1995.428353470573,11212.325649046332,10271.767959942494,8271.186132408277,9999.899573136834,0.0,7729.093708099038,18531.195791108297,9568.283601551813,9684.845164511811,9339.141101101264,9432.38980302497,11078.85214073269,9529.814395113926,7714.979604082941,11451.376242794004,9519.607478719365,9192.749867185408,9730.98460712888,6087.871598998781,9842.304164811861,11021.75343361116,10709.342326685113,9879.080082772547
KJFK,6477.675550240074,3365.6070797424704,11000.82939708662,5833.386425117882,10977.61138682235,6480.773715334404,11872.965768605623,5762.025471470951,11754.94829850792,8534.711892841717,3929.667087827683,8027.011333646928,587.4088954268707,6367.419669376641,7729.093708099038,0.0,10829.468019943439,6189.1542734461045,6905.329783235579,5807.873795019511,5885.3697807968165,6606.914800539541,5224.818687727301,5404.309620041176,6318.434484589655,5920.872953839785,5102.730002183939,7932.455806289573,12560.803274067739,4197.785190963327,6649.356410602336,6291.593874633475,6550.828678253268
RJAA,9698.334104120337,11253.545374395047,7978.6421393820765,9709.31227814645,2133.3180240322217,9366.60393351221,1795.1653470701212,10771.365389773611,5909.250123279566,18297.19994521465,7503.3643827802725,8980.31098908937,10299.375959386833,8941.163890156917,18531.195791108297,10829.468019943439,0.0,9366.014476753255,9373.225157229546,9543.069153437295,9457.890709909856,7828.74735963798,9254.53199963534,11153.913596141403,7370.85294938375,9372.118080501896,9590.00408587783,9532.669034889863,14780.473523154042,8798.321608971684,7898.436176812024,8170.395509786672,9102.009097801203
EDDF,492.550415734113,9551.980932636412,4842.872064752151,449.00506895345995,7788.395209245619,299.0736493547062,8857.834873324387,1422.050572145159,6121.185112535329,11502.137750607373,8062.180754267541,1837.858012568955,6342.662219553331,431.6826244968808,9568.283601551813,6189.1542734461045,9366.014476753255,0.0,734.44155732098,392.7983156454291,304.70667836915743,1537.9389925099097,1032.8584656977316,1873.84706028188,2079.668281738598,274.34672759363383,1086.8940196113897,1815.8370182307754,9393.055953949077,2379.55963806095,1467.8755620952131,1222.987175365273,406.27801971921986
LDZA,494.3715279576347,10270.57949825156,4162.586440529364,1079.12295434704,7637.516242212898,435.372805823521,8670.244773563427,1692.5382745319923,5589.209484397878,11662.142744355435,8746.620493868128,1135.558870168953,7071.777341214486,784.5721209488278,9684.845164511811,6905.329783235579,9373.225157229546,734.44155732098,0.0,1099.1833149167103,1028.9384999379752,1722.928893753889,1764.554368661314,2202.428641890457,2385.7771646126907,1008.7302268245519,1812.1546193462373,1084.793589115557,8867.258411800965,3094.6660800724226,1628.0765988832688,1551.7236859844388,503.18469523171706
LFQQ,731.8948304163779,9172.519686277623,5233.556863398388,177.29972762352907,8042.99692176469,673.6101624423094,9123.256093925884,1235.5813496072453,6501.080434257892,11246.712767060582,7804.029472119836,2221.5840343980844,5973.892370679363,737.3544487142678,9339.141101101264,5807.873795019511,9543.069153437295,392.7983156454291,1099.1833149167103,0.0,104.17464565809286,1739.9740827336304,736.7464462666057,1624.5352370256298,2186.4196889276245,187.09147772320674,715.1697675357511,2161.2853740484825,9522.742717702058,2102.4846976713584,1686.475455041425,1375.4704625714714,793.0800262284977
EBBR,697.6241308496129,9248.791253224706,5147.156165772344,251.42649654422516,7945.907748157385,596.828250612871,9024.973770238224,1315.552739483112,6399.817544030502,11343.810900959297,7827.183480204533,2141.818322400416,6043.2341631455665,633.1798423077714,9432.38980302497,5885.3697807968165,9457.890709909856,304.70667836915743,1028.9384999379752,104.17464565809286,0.0,1646.5424706420476,764.8529460052239,1717.441913766903,2109.419990192777,87.26507901126318,784.4652218415466,2101.487122926399,9538.261583682088,2128.9170434945413,1590.7996147657782,1287.8123921554281,696.6701556393344
EFHK,1912.2938553387621,9830.89999106367,4537.025110362885,1895.5582344575273,6308.537771925007,1574.5399279099283,7393.997300475772,2947.4320721225527,5223.847444426262,12981.387744901565,7505.149627195536,2134.8799157182702,6598.71606358994,1118.8430222369009,11078.85214073269,6606.914800539541,7828.74735963798,1537.9389925099097,1722.928893753889,1739.9740827336304,1646.5424706420476,0.0,1717.6968421996937,3363.876975912895,695.2573510545288,1559.3618854820566,2023.288540062737,2489.6794411140104,10500.580656352362,2409.583253800543,100.72063567001045,398.5689357775947,1319.6263258874899
EGPH,1461.4919162938756,8573.011598267407,5776.784700011543,868.6768639079258,7936.25672217657,1330.3366233869128,9032.685343726816,1721.1421621023853,6836.246415386642,11358.623493704585,7067.373027293543,2830.767342771072,5342.430556810266,1142.604257606154,9529.814395113926,5224.818687727301,9254.53199963534,1032.8584656977316,1764.554368661314,736.7464462666057,764.8529460052239,1717.6968421996937,0.0,1956.1303624433278,1927.0385770142573,761.9890447440483,337.2039534199319,2848.2113604641363,10213.775685686389,1366.1622281126076,1705.517234342453,1320.2510546542144,1341.4084262122346
LPPT,1724.0154738241492,8664.536583495246,6137.549256169119,1469.9632862919395,9657.682879314776,1983.6079398270863,10730.78496714352,512.8845584370001,7767.803301105655,9632.30052917482,8288.503867714651,3211.7174335800105,5739.078245285105,2302.6857424820937,7714.979604082941,5404.309620041176,11153.913596141403,1873.84706028188,2202.428641890457,1624.5352370256298,1717.441913766903,3363.876975912895,1956.1303624433278,0.0,3783.3341214037023,1804.6765643174188,1642.4746695558613,2870.399397724636,8579.965571388671,2942.307926147029,3307.6755735702613,2998.3052371348076,2228.9079544309607
EFRO,2510.9812975034515,9429.19591909452,5027.306459147683,2358.800861619531,6013.908578937793,2179.5591456309016,7111.796723483437,3422.0000222935455,5439.118104243794,13282.900559270385,6878.634761429539,2818.8505107888336,6243.416783834656,1701.8548750228817,11451.376242794004,6318.434484589655,7370.85294938375,2079.668281738598,2385.7771646126907,2186.4196889276245,2109.419990192777,695.2573510545288,1927.0385770142573,3783.3341214037023,0.0,2026.9394149057935,2262.6890021087634,3184.843224387242,11195.351682199891,2177.0499490729367,795.9448462888196,863.3297003586031,1942.94896284112
EHEH,716.9528370522909,9282.302300217629,5102.345397401615,337.5067385741307,7858.784279958065,573.3926461914037,8938.065932826861,1400.4404453661639,6331.400341379829,11430.931607617464,7809.899033180775,2107.001771303601,6069.742465228985,554.9586303035887,9519.607478719365,5920.872953839785,9372.118080501896,274.34672759363383,1008.7302268245519,187.09147772320674,87.26507901126318,1559.3618854820566,761.9890447440483,1804.6765643174188,2026.9394149057935,0.0,818.4419646564614,2089.016063229445,9586.034315842975,2117.6234281227908,1503.538739642221,1201.790094986564,642.0340692834425
EIDW,1433.663567238871,8465.097546487645,5918.191105076748,784.9693369031335,8268.747197889683,1381.2860601870107,9364.445984146492,1454.225118962622,7074.36258815461,11025.405820274522,7164.329817709851,2924.4683551417634,5259.66456365284,1308.440821698761,9192.749867185408,5102.730002183939,9590.00408587783,1086.8940196113897,1812.1546193462373,715.1697675357511,784.4652218415466,2023.288540062737,337.2039534199319,1642.4746695558613,2262.6890021087634,818.4419646564614,0.0,2875.9209801847924,10009.776088175524,1486.395041095137,2002.9192181397093,1624.7526881721867,1454.9163652752302
LGAV,1457.2765076695869,11295.07456624003,3271.3092464029237,2108.8935232724316,7607.430542904929,1517.8783303811158,8557.446927892031,2377.4313326404604,4983.851376266188,11725.05562218717,9800.56504320369,552.3631359390542,8127.399159836934,1823.2230335509435,9730.98460712888,7932.455806289573,9532.669034889863,1815.8370182307754,1084.793589115557,2161.2853740484825,2101.487122926399,2489.6794411140104,2848.2113604641363,2870.399397724636,3184.843224387242,2089.016063229445,2875.9209801847924,0.0,8014.8303514408435,4176.891888856657,2389.0689513250063,2452.3533525122343,1555.754332455913
FACT,8900.787773541293,13711.343976959879,7644.498781549268,9363.399547331674,12967.734897763023,9179.18835595483,12989.53522682959,8584.107113717999,9282.845350520629,6886.082041979985,16465.20953208748,8429.362191332484,13136.631844292497,9635.66209352229,6087.871598998781,12560.803274067739,14780.473523154042,9393.055953949077,8867.258411800965,9522.742717702058,9538.261583682088,10500.580656352362,10213.775685686389,8579.965571388671,11195.351682199891,9586.034315842975,10009.776088175524,8014.8303514408435,0.0,11472.045420118653,10399.864784061421,10410.637422820557,9358.288777530079
BIKF,2826.491908642492,7447.576134836068,6885.950773003389,2225.1176543641695,7870.884193010363,2669.2628149565803,8956.580903846041,2888.0069315874402,7593.777972803409,11460.844970957083,5701.731716788582,4087.246738830808,4202.689344520942,2379.1423258300797,9842.304164811861,4197.785190963327,8798.321608971684,2379.55963806095,3094.6660800724226,2102.4846976713584,2128.9170434945413,2409.583253800543,1366.1622281126076,2942.307926147029,2177.0499490729367,2117.6234281227908,1486.395041095137,4176.891888856657,11472.045420118653,0.0,2454.7484880957145,2109.0743457943413,2628.101221542469
EETN,1829.3731684707757,9887.012309094367,4471.733222742804,1837.8392888325443,6357.094712899396,1491.5970050572942,7439.701976930367,2883.3149200833927,5200.6264450305825,12932.640473630083,7595.2331088364135,2037.0282863908224,6650.662663103135,1043.7146044590377,11021.75343361116,6649.356410602336,7898.436176812024,1467.8755620952131,1628.0765988832688,1686.475455041425,1590.7996147657782,100.72063567001045,1705.517234342453,3307.6755735702613,795.9448462888196,1503.538739642221,2002.9192181397093,2389.0689513250063,10399.864784061421,2454.7484880957145,0.0,389.62412735087645,1234.036333291913
ESSA,1647.7243899240607,9555.32776316363,4784.718435844448,1539.1555178390888,6691.864080722933,1317.3110466843007,7780.26414951412,2601.3493707511634,5583.875141564338,12598.548940741373,7411.6744673739295,2177.481833179683,6311.706893929508,838.7723740907484,10709.342326685113,6291.593874633475,8170.395509786672,1222.987175365273,1551.7236859844388,1375.4704625714714,1287.8123921554281,398.5689357775947,1320.2510546542144,2998.3052371348076,863.3297003586031,1201.790094986564,1624.7526881721867,2452.3533525122343,10410.637422820557,2109.0743457943413,389.62412735087645,0.0,1086.9490092945773
LKPR,598.695349516173,9907.578033808217,4463.278821580964,852.6058359792816,7461.550939385754,264.80111614065527,8520.514010353765,1750.6615229202562,5714.970423703678,11830.92337423204,8252.779547259795,1489.3589955451396,6682.817209516884,281.576913555292,9879.080082772547,6550.828678253268,9102.009097801203,406.27801971921986,503.18469523171706,793.0800262284977,696.6701556393344,1319.6263258874899,1341.4084262122346,2228.9079544309607,1942.94896284112,642.0340692834425,1454.9163652752302,1555.754332455913,9358.288777530079,2628.101221542469,1234.036333291913,1086.9490092945773,0.0
