,LIMC,EDDF,RJAA,KJFK,SBGL,CYVR,LEMD,CYYZ,ZBAA,LTFM,SAEZ,ZSPD,EDDM,LFPG,VIDP,OMDB,EDDT,MMMX,EFHK,EBBR,EGPH,LKPR,FACT,LGAV,BIKF,ESSA,EIDW,LPPT,EETN,LFQQ,EFRO,LDZA,EHEH
LIMC,0.0,490.1396104415254,9749.009266937597,6411.630216485815,9240.443773621446,8490.289487372997,1148.5660668194528,6609.43313822485,8094.086522767396,1683.3050965704033,11200.030488781033,9145.462921839513,382.4534017470018,597.647227692862,6159.502244229665,4708.190352626581,839.4229173232067,9775.445770070051,1951.0929540754787,664.3952506566018,1423.7549912527588,647.0153232599317,8906.660841148243,1521.438716868451,2789.8815830930635,1675.0268443034151,1381.192654254011,1650.4062874119006,1870.2436430922335,689.0474073989398,2538.132936085888,571.2976495991094,692.3835754883867
EDDF,490.1396104415254,0.0,9366.014476753255,6189.1542734461045,9568.283601551813,8062.180754267541,1422.050572145159,6342.662219553331,7788.395209245619,1837.858012568955,11502.137750607373,8857.834873324387,299.0736493547062,449.00506895345995,6121.185112535329,4842.872064752151,431.6826244968808,9551.980932636412,1537.9389925099097,304.70667836915743,1032.8584656977316,406.27801971921986,9393.055953949077,1815.8370182307754,2379.55963806095,1222.987175365273,1086.8940196113897,1873.84706028188,1467.8755620952131,392.7983156454291,2079.668281738598,734.44155732098,274.34672759363383
RJAA,9749.009266937597,9366.014476753255,0.0,10829.468019943439,18531.195791108297,7503.3643827802725,10771.365389773611,10299.375959386833,2133.3180240322217,8980.31098908937,18297.19994521465,1795.1653470701212,9366.60393351221,9709.31227814645,5909.250123279566,7978.6421393820765,8941.163890156917,11253.545374395047,7828.74735963798,9457.890709909856,9254.53199963534,9102.009097801203,14780.473523154042,9532.669034889863,8798.321608971684,8170.395509786672,9590.00408587783,11153.913596141403,7898.436176812024,9543.069153437295,7370.85294938375,9373.225157229546,9372.118080501896
KJFK,6411.630216485815,6189.1542734461045,10829.468019943439,0.0,7729.093708099038,3929.667087827683,5762.025471470951,587.4088954268707,10977.61138682235,8027.011333646928,8534.711892841717,11872.965768605623,6480.773715334404,5833.386425117882,11754.94829850792,11000.82939708662,6367.419669376641,3365.6070797424704,6606.914800539541,5885.3697807968165,5224.818687727301,6550.828678253268,12560.803274067739,7932.455806289573,4197.785190963327,6291.593874633475,5102.730002183939,5404.309620041176,6649.356410602336,5807.873795019511,6318.434484589655,6905.329783235579,5920.872953839785
SBGL,9240.443773621446,9568.283601551813,18531.195791108297,7729.093708099038,0.0,11212.325649046332,8146.258928316377,8271.186132408277,17318.624718116444,10271.767959942494,1995.428353470573,18271.284864397905,9616.447470619587,9184.123131785209,14063.511167522962,11884.360300095565,9999.899573136834,7665.076602134776,11078.85214073269,9432.38980302497,9529.814395113926,9879.080082772547,6087.871598998781,9730.98460712888,9842.304164811861,10709.342326685113,9192.749867185408,7714.979604082941,11021.75343361116,9339.141101101264,11451.376242794004,9684.845164511811,9519.607478719365
CYVR,8490.289487372997,8062.180754267541,7503.3643827802725,3929.667087827683,11212.325649046332,0.0,8426.398460222947,3346.065262820104,8491.592942617246,9588.351242168645,11306.011894863244,9016.027042522252,8340.059905344417,7924.983796384183,11138.384837166739,11735.171711494506,7979.429067098594,3944.571933641011,7505.149627195536,7827.183480204533,7067.373027293543,8252.779547259795,16465.20953208748,9800.56504320369,5701.731716788582,7411.6744673739295,7164.329817709851,8288.503867714651,7595.2331088364135,7804.029472119836,6878.634761429539,8746.620493868128,7809.899033180775
LEMD,1148.5660668194528,1422.050572145159,10771.365389773611,5762.025471470951,8146.258928316377,8426.398460222947,0.0,6058.631933989723,9206.378510653298,2702.2488319417575,10084.891062660701,10270.038168674499,1496.9693797182808,1064.514287652328,7255.328214906565,5648.573067280119,1853.640992836451,9066.890918984103,2947.4320721225527,1315.552739483112,1721.1421621023853,1750.6615229202562,8584.107113717999,2377.4313326404604,2888.0069315874402,2601.3493707511634,1454.225118962622,512.8845584370001,2883.3149200833927,1235.5813496072453,3422.0000222935455,1692.5382745319923,1400.4404453661639
CYYZ,6609.43313822485,6342.662219553331,10299.375959386833,587.4088954268707,8271.186132408277,3346.065262820104,6058.631933989723,0.0,10560.263711728265,8171.274964889148,8985.871186138354,11414.11558758609,6639.638079367699,6018.511701618143,11639.223104050201,11080.592571500489,6477.895440186134,3247.890977992751,6598.71606358994,6043.2341631455665,5342.430556810266,6682.817209516884,13136.631844292497,8127.399159836934,4202.689344520942,6311.706893929508,5259.66456365284,5739.078245285105,6650.662663103135,5973.892370679363,6243.416783834656,7071.777341214486,6069.742465228985
ZBAA,8094.086522767396,7788.395209245619,2133.3180240322217,10977.61138682235,17318.624718116444,8491.592942617246,9206.378510653298,10560.263711728265,0.0,7061.75886204329,19289.70928642004,1098.8391881220052,7721.985707506109,8189.724353071151,3811.22316900493,5846.428408163956,7357.370941408385,12435.185662210233,6308.537771925007,7945.907748157385,7936.25672217657,7461.550939385754,12967.734897763023,7607.430542904929,7870.884193010363,6691.864080722933,8268.747197889683,9657.682879314776,6357.094712899396,8042.99692176469,6013.908578937793,7637.516242212898,7858.784279958065
LTFM,1683.3050965704033,1837.858012568955,8980.31098908937,8027.011333646928,10271.767959942494,9588.351242168645,2702.2488319417575,8171.274964889148,7061.75886204329,0.0,12266.824206187948,8021.792958328303,1547.9829132915345,2213.88650722904,4566.047060442222,3027.9011773987722,1712.5684114372132,11389.29648462006,2134.8799157182702,2141.818322400416,2830.767342771072,1489.3589955451396,8429.362191332484,552.3631359390542,4087.246738830808,2177.481833179683,2924.4683551417634,3211.7174335800105,2037.0282863908224,2221.5840343980844,2818.8505107888336,1135.558870168953,2107.001771303601
SAEZ,11200.030488781033,11502.137750607373,18297.19994521465,8534.711892841717,1995.428353470573,11306.011894863244,10084.891062660701,8985.871186138354,19289.70928642004,12266.824206187948,0.0,19605.48726466171,11571.029543749757,11100.067083107158,15794.490572393017,13675.498953376862,11933.024922521272,7396.77973611544,12981.387744901565,11343.810900959297,11358.623493704585,11830.92337423204,6886.082041979985,11725.05562218717,11460.844970957083,12598.548940741373,11025.405820274522,9632.30052917482,12932.640473630083,11246.712767060582,13282.900559270385,11662.142744355435,11430.931607617464
ZSPD,9145.462921839513,8857.834873324387,1795.1653470701212,11872.965768605623,18271.284864397905,9016.027042522252,10270.038168674499,11414.11558758609,1098.8391881220052,8021.792958328303,19605.48726466171,0.0,8778.291229474024,9266.538821703734,4292.294164011961,6448.573340149029,8428.152127029933,12896.888950685934,7393.997300475772,9024.973770238224,9032.685343726816,8520.514010353765,12989.53522682959,8557.446927892031,8956.580903846041,7780.26414951412,9364.445984146492,10730.78496714352,7439.701976930367,9123.256093925884,7111.796723483437,8670.244773563427,8938.065932826861
EDDM,382.4534017470018,299.0736493547062,9366.60393351221,6480.773715334404,9616.447470619587,8340.059905344417,1496.9693797182808,6639.638079367699,7721.985707506109,1547.9829132915345,11571.029543749757,8778.291229474024,0.0,681.5692933331298,5899.979912189503,4563.68638327735,479.5750967765883,9844.86446381779,1574.5399279099283,596.828250612871,1330.3366233869128,264.80111614065527,9179.18835595483,1517.8783303811158,2669.2628149565803,1317.3110466843007,1381.2860601870107,1983.6079398270863,1491.5970050572942,673.6101624423094,2179.5591456309016,435.372805823521,573.3926461914037
LFPG,597.647227692862,449.00506895345995,9709.31227814645,5833.386425117882,9184.123131785209,7924.983796384183,1064.514287652328,6018.511701618143,8189.724353071151,2213.88650722904,11100.067083107158,9266.538821703734,681.5692933331298,0.0,6565.92854943909,5238.30373722851,850.4974971095637,9198.923534624388,1895.5582344575273,251.42649654422516,868.6768639079258,852.6058359792816,9363.399547331674,2108.8935232724316,2225.1176543641695,1539.1555178390888,784.9693369031335,1469.9632862919395,1837.8392888325443,177.29972762352907,2358.800861619531,1079.12295434704,337.5067385741307
VIDP,6159.502244229665,6121.185112535329,5909.250123279566,11754.94829850792,14063.511167522962,11138.384837166739,7255.328214906565,11639.223104050201,3811.22316900493,4566.047060442222,15794.490572393017,4292.294164011961,5899.979912189503,6565.92854943909,0.0,2183.190603769457,5785.915771305621,14662.708439597296,5223.847444426262,6399.817544030502,6836.246415386642,5714.970423703678,9282.845350520629,4983.851376266188,7593.777972803409,5583.875141564338,7074.36258815461,7767.803301105655,5200.6264450305825,6501.080434257892,5439.118104243794,5589.209484397878,6331.400341379829
OMDB,4708.190352626581,4842.872064752151,7978.6421393820765,11000.82939708662,11884.360300095565,11735.171711494506,5648.573067280119,11080.592571500489,5846.428408163956,3027.9011773987722,13675.498953376862,6448.573340149029,4563.68638327735,5238.30373722851,2183.190603769457,0.0,4634.536188630778,14328.390980757462,4537.025110362885,5147.156165772344,5776.784700011543,4463.278821580964,7644.498781549268,3271.3092464029237,6885.950773003389,4784.718435844448,5918.191105076748,6137.549256169119,4471.733222742804,5233.556863398388,5027.306459147683,4162.586440529364,5102.345397401615
EDDT,839.4229173232067,431.6826244968808,8941.163890156917,6367.419669376641,9999.899573136834,7979.429067098594,1853.640992836451,6477.895440186134,7357.370941408385,1712.5684114372132,11933.024922521272,8428.152127029933,479.5750967765883,850.4974971095637,5785.915771305621,4634.536188630778,0.0,9713.650891230824,1118.8430222369009,633.1798423077714,1142.604257606154,281.576913555292,9635.66209352229,1823.2230335509435,2379.1423258300797,838.7723740907484,1308.440821698761,2302.6857424820937,1043.7146044590377,737.3544487142678,1701.8548750228817,784.5721209488278,554.9586303035887
MMMX,9775.445770070051,9551.980932636412,11253.545374395047,3365.6070797424704,7665.076602134776,3944.571933641011,9066.890918984103,3247.890977992751,12435.185662210233,11389.29648462006,7396.77973611544,12896.888950685934,9844.86446381779,9198.923534624388,14662.708439597296,14328.390980757462,9713.650891230824,0.0,9830.89999106367,9248.791253224706,8573.011598267407,9907.578033808217,13711.343976959879,11295.07456624003,7447.576134836068,9555.32776316363,8465.097546487645,8664.536583495246,9887.012309094367,9172.519686277623,9429.19591909452,10270.57949825156,9282.302300217629
EFHK,1951.0929540754787,1537.9389925099097,7828.74735963798,6606.914800539541,11078.85214073269,7505.149627195536,2947.4320721225527,6598.71606358994,6308.537771925007,2134.8799157182702,12981.387744901565,7393.997300475772,1574.5399279099283,1895.5582344575273,5223.847444426262,4537.025110362885,1118.8430222369009,9830.89999106367,0.0,1646.5424706420476,1717.6968421996937,1319.6263258874899,10500.580656352362,2489.6794411140104,2409.583253800543,398.5689357775947,2023.288540062737,3363.876975912895,100.72063567001045,1739.9740827336304,695.2573510545288,1722.928893753889,1559.3618854820566
EBBR,664.3952506566018,304.70667836915743,9457.890709909856,5885.3697807968165,9432.38980302497,7827.183480204533,1315.552739483112,6043.2341631455665,7945.907748157385,2141.818322400416,11343.810900959297,9024.973770238224,596.828250612871,251.42649654422516,6399.817544030502,5147.156165772344,633.1798423077714,9248.791253224706,1646.5424706420476,0.0,764.8529460052239,696.6701556393344,9538.261583682088,2101.487122926399,2128.9170434945413,1287.8123921554281,784.4652218415466,1717.441913766903,1590.7996147657782,104.17464565809286,2109.419990192777,1028.9384999379752,87.26507901126318
EGPH,1423.7549912527588,1032.8584656977316,9254.53199963534,5224.818687727301,9529.814395113926,7067.373027293543,1721.1421621023853,5342.430556810266,7936.25672217657,2830.767342771072,11358.623493704585,9032.685343726816,1330.3366233869128,868.6768639079258,6836.246415386642,5776.784700011543,1142.604257606154,8573.011598267407,1717.6968421996937,764.8529460052239,0.0,1341.4084262122346,10213.775685686389,2848.2113604641363,1366.1622281126076,1320.2510546542144,337.2039534199319,1956.1303624433278,1705.517234342453,736.7464462666057,1927.0385770142573,1764.554368661314,761.9890447440483
LKPR,647.0153232599317,406.27801971921986,9102.009097801203,6550.828678253268,9879.080082772547,8252.779547259795,1750.6615229202562,6682.817209516884,7461.550939385754,1489.3589955451396,11830.92337423204,8520.514010353765,264.80111614065527,852.6058359792816,5714.970423703678,4463.278821580964,281.576913555292,9907.578033808217,1319.6263258874899,696.6701556393344,1341.4084262122346,0.0,9358.288777530079,1555.754332455913,2628.101221542469,1086.9490092945773,1454.9163652752302,2228.9079544309607,1234.036333291913,793.0800262284977,1942.94896284112,503.18469523171706,642.0340692834425
FACT,8906.660841148243,9393.055953949077,14780.473523154042,12560.803274067739,6087.871598998781,16465.20953208748,8584.107113717999,13136.631844292497,12967.734897763023,8429.362191332484,6886.082041979985,12989.53522682959,9179.18835595483,9363.399547331674,9282.845350520629,7644.498781549268,9635.66209352229,13711.343976959879,10500.580656352362,9538.261583682088,10213.775685686389,9358.288777530079,0.0,8014.8303514408435,11472.045420118653,10410.637422820557,10009.776088175524,8579.965571388671,10399.864784061421,9522.742717702058,11195.351682199891,8867.258411800965,9586.034315842975
LGAV,1521.438716868451,1815.8370182307754,9532.669034889863,7932.455806289573,9730.98460712888,9800.56504320369,2377.4313326404604,8127.399159836934,7607.430542904929,552.3631359390542,11725.05562218717,8557.446927892031,1517.8783303811158,2108.8935232724316,4983.851376266188,3271.3092464029237,1823.2230335509435,11295.07456624003,2489.6794411140104,2101.487122926399,2848.2113604641363,1555.754332455913,8014.8303514408435,0.0,4176.891888856657,2452.3533525122343,2875.9209801847924,2870.399397724636,2389.0689513250063,2161.2853740484825,3184.843224387242,1084.793589115557,2089.016063229445
BIKF,2789.8815830930635,2379.55963806095,8798.321608971684,4197.785190963327,9842.304164811861,5701.731716788582,2888.0069315874402,4202.689344520942,7870.884193010363,4087.246738830808,11460.844970957083,8956.580903846041,2669.2628149565803,2225.1176543641695,7593.777972803409,6885.950773003389,2379.1423258300797,7447.576134836068,2409.583253800543,2128.9170434945413,1366.1622281126076,2628.101221542469,11472.045420118653,4176.891888856657,0.0,2109.0743457943413,1486.395041095137,2942.307926147029,2454.7484880957145,2102.4846976713584,2177.0499490729367,3094.6660800724226,2117.6234281227908
ESSA,1675.0268443034151,1222.987175365273,8170.395509786672,6291.593874633475,10709.342326685113,7411.6744673739295,2601.3493707511634,6311.706893929508,6691.864080722933,2177.481833179683,12598.548940741373,7780.26414951412,1317.3110466843007,1539.1555178390888,5583.875141564338,4784.718435844448,838.7723740907484,9555.32776316363,398.5689357775947,1287.8123921554281,1320.2510546542144,1086.9490092945773,10410.637422820557,2452.3533525122343,2109.0743457943413,0.0,1624.7526881721867,2998.3052371348076,389.62412735087645,1375.4704625714714,863.3297003586031,1551.7236859844388,1201.790094986564
EIDW,1381.192654254011,1086.8940196113897,9590.00408587783,5102.730002183939,9192.749867185408,7164.329817709851,1454.225118962622,5259.66456365284,8268.747197889683,2924.4683551417634,11025.405820274522,9364.445984146492,1381.2860601870107,784.9693369031335,7074.36258815461,5918.191105076748,1308.440821698761,8465.097546487645,2023.288540062737,784.4652218415466,337.2039534199319,1454.9163652752302,10009.776088175524,2875.9209801847924,1486.395041095137,1624.7526881721867,0.0,1642.4746695558613,2002.9192181397093,715.1697675357511,2262.6890021087634,1812.1546193462373,818.4419646564614
LPPT,1650.4062874119006,1873.84706028188,11153.913596141403,5404.309620041176,7714.979604082941,8288.503867714651,512.8845584370001,5739.078245285105,9657.682879314776,3211.7174335800105,9632.30052917482,10730.78496714352,1983.6079398270863,1469.9632862919395,7767.803301105655,6137.549256169119,2302.6857424820937,8664.536583495246,3363.876975912895,1717.441913766903,1956.1303624433278,2228.9079544309607,8579.965571388671,2870.399397724636,2942.307926147029,2998.3052371348076,1642.4746695558613,0.0,3307.6755735702613,1624.5352370256298,3783.3341214037023,2202.428641890457,1804.6765643174188
EETN,1870.2436430922335,1467.8755620952131,7898.436176812024,6649.356410602336,11021.75343361116,7595.2331088364135,2883.3149200833927,6650.662663103135,6357.094712899396,2037.0282863908224,12932.640473630083,7439.701976930367,1491.5970050572942,1837.8392888325443,5200.6264450305825,4471.733222742804,1043.7146044590377,9887.012309094367,100.72063567001045,1590.7996147657782,1705.517234342453,1234.036333291913,10399.864784061421,2389.0689513250063,2454.7484880957145,389.62412735087645,2002.9192181397093,3307.6755735702613,0.0,1686.475455041425,795.9448462888196,1628.0765988832688,1503.538739642221
LFQQ,689.0474073989398,392.7983156454291,9543.069153437295,5807.873795019511,9339.141101101264,7804.029472119836,1235.5813496072453,5973.892370679363,8042.99692176469,2221.5840343980844,11246.712767060582,9123.256093925884,673.6101624423094,177.29972762352907,6501.080434257892,5233.556863398388,737.3544487142678,9172.519686277623,1739.9740827336304,104.17464565809286,736.7464462666057,793.0800262284977,9522.742717702058,2161.2853740484825,2102.4846976713584,1375.4704625714714,715.1697675357511,1624.5352370256298,1686.475455041425,0.0,2186.4196889276245,1099.1833149167103,187.09147772320674
EFRO,2538.132936085888,2079.668281738598,7370.85294938375,6318.434484589655,11451.376242794004,6878.634761429539,3422.0000222935455,6243.416783834656,6013.908578937793,2818.8505107888336,13282.900559270385,7111.796723483437,2179.5591456309016,2358.800861619531,5439.118104243794,5027.306459147683,1701.8548750228817,9429.19591909452,695.2573510545288,2109.419990192777,1927.0385770142573,1942.94896284112,11195.351682199891,3184.843224387242,2177.0499490729367,863.3297003586031,2262.6890021087634,3783.3341214037023,795.9448462888196,2186.4196889276245,0.0,2385.7771646126907,2026.9394149057935
LDZA,571.2976495991094,734.44155732098,9373.225157229546,6905.329783235579,9684.845164511811,8746.620493868128,1692.5382745319923,7071.777341214486,7637.516242212898,1135.558870168953,11662.142744355435,8670.244773563427,435.372805823521,1079.12295434704,5589.209484397878,4162.586440529364,784.5721209488278,10270.57949825156,1722.928893753889,1028.9384999379752,1764.554368661314,503.18469523171706,8867.258411800965,1084.793589115557,3094.6660800724226,1551.7236859844388,1812.1546193462373,2202.428641890457,1628.0765988832688,1099.1833149167103,2385.7771646126907,0.0,1008.7302268245519
EHEH,692.3835754883867,274.34672759363383,9372.118080501896,5920.872953839785,9519.607478719365,7809.899033180775,1400.4404453661639,6069.742465228985,7858.784279958065,2107.001771303601,11430.931607617464,8938.065932826861,573.3926461914037,337.5067385741307,6331.400341379829,5102.345397401615,554.9586303035887,9282.302300217629,1559.3618854820566,87.26507901126318,761.9890447440483,642.0340692834425,9586.034315842975,2089.016063229445,2117.6234281227908,1201.790094986564,818.4419646564614,1804.6765643174188,1503.538739642221,187.09147772320674,2026.9394149057935,1008.7302268245519,0.0
