,LIMC,ZBAA,MMMX,CYVR,EDDM,LFPG,OMDB,EDDT,LTFM,CYYZ,EDDF,SBGL,LEMD,ZSPD,KJFK,VIDP,RJAA,SAEZ,BIKF,EFHK,EIDW,EBBR,LPPT,LFQQ,EHEH,FACT,LDZA,EETN,EGPH,ESSA,LKPR,EFRO,LGAV
LIMC,0.0,8094.086522767396,9775.445770070051,8490.289487372997,382.4534017470018,597.647227692862,4708.190352626581,839.4229173232067,1683.3050965704033,6609.43313822485,490.1396104415254,9240.443773621446,1148.5660668194528,9145.462921839513,6411.630216485815,6159.502244229665,9749.009266937597,11200.030488781033,2789.8815830930635,1951.0929540754787,1381.192654254011,664.3952506566018,1650.4062874119006,689.0474073989398,692.3835754883867,8906.660841148243,571.2976495991094,1870.2436430922335,1423.7549912527588,1675.0268443034151,647.0153232599317,2538.132936085888,1521.438716868451
ZBAA,8094.086522767396,0.0,12435.185662210233,8491.592942617246,7721.985707506109,8189.724353071151,5846.428408163956,7357.370941408385,7061.75886204329,10560.263711728265,7788.395209245619,17318.624718116444,9206.378510653298,1098.8391881220052,10977.61138682235,3811.22316900493,2133.3180240322217,19289.70928642004,7870.884193010363,6308.537771925007,8268.747197889683,7945.907748157385,9657.682879314776,8042.99692176469,7858.784279958065,12967.734897763023,7637.516242212898,6357.094712899396,7936.25672217657,6691.864080722933,7461.550939385754,6013.908578937793,7607.430542904929
MMMX,9775.445770070051,12435.185662210233,0.0,3944.571933641011,9844.86446381779,9198.923534624388,14328.390980757462,9713.650891230824,11389.29648462006,3247.890977992751,9551.980932636412,7665.076602134776,9066.890918984103,12896.888950685934,3365.6070797424704,14662.708439597296,11253.545374395047,7396.77973611544,7447.576134836068,9830.89999106367,8465.097546487645,9248.791253224706,8664.536583495246,9172.519686277623,9282.302300217629,13711.343976959879,10270.57949825156,9887.012309094367,8573.011598267407,9555.32776316363,9907.578033808217,9429.19591909452,11295.07456624003
CYVR,8490.289487372997,8491.592942617246,3944.571933641011,0.0,8340.059905344417,7924.983796384183,11735.171711494506,7979.429067098594,9588.351242168645,3346.065262820104,8062.180754267541,11212.325649046332,8426.398460222947,9016.027042522252,3929.667087827683,11138.384837166739,7503.3643827802725,11306.011894863244,5701.731716788582,7505.149627195536,7164.329817709851,7827.183480204533,8288.503867714651,7804.029472119836,7809.899033180775,16465.20953208748,8746.620493868128,7595.2331088364135,7067.373027293543,7411.6744673739295,8252.779547259795,6878.634761429539,9800.56504320369
EDDM,382.4534017470018,7721.985707506109,9844.86446381779,8340.059905344417,0.0,681.5692933331298,4563.68638327735,479.5750967765883,1547.9829132915345,6639.638079367699,299.0736493547062,9616.447470619587,1496.9693797182808,8778.291229474024,6480.773715334404,5899.979912189503,9366.60393351221,11571.029543749757,2669.2628149565803,1574.5399279099283,1381.2860601870107,596.828250612871,1983.6079398270863,673.6101624423094,573.3926461914037,9179.18835595483,435.372805823521,1491.5970050572942,1330.3366233869128,1317.3110466843007,264.80111614065527,2179.5591456309016,1517.8783303811158
LFPG,597.647227692862,8189.724353071151,9198.923534624388,7924.983796384183,681.5692933331298,0.0,5238.30373722851,850.4974971095637,2213.88650722904,6018.511701618143,449.00506895345995,9184.123131785209,1064.514287652328,9266.538821703734,5833.386425117882,6565.92854943909,9709.31227814645,11100.067083107158,2225.1176543641695,1895.5582344575273,784.9693369031335,251.42649654422516,1469.9632862919395,177.29972762352907,337.5067385741307,9363.399547331674,1079.12295434704,1837.8392888325443,868.6768639079258,1539.1555178390888,852.6058359792816,2358.800861619531,2108.8935232724316
OMDB,4708.190352626581,5846.428408163956,14328.390980757462,11735.171711494506,4563.68638327735,5238.30373722851,0.0,4634.536188630778,3027.9011773987722,11080.592571500489,4842.872064752151,11884.360300095565,5648.573067280119,6448.573340149029,11000.82939708662,2183.190603769457,7978.6421393820765,13675.498953376862,6885.950773003389,4537.025110362885,5918.191105076748,5147.156165772344,6137.549256169119,5233.556863398388,5102.345397401615,7644.498781549268,4162.586440529364,4471.733222742804,5776.784700011543,4784.718435844448,4463.278821580964,5027.306459147683,3271.3092464029237
EDDT,839.4229173232067,7357.370941408385,9713.650891230824,7979.429067098594,479.5750967765883,850.4974971095637,4634.536188630778,0.0,1712.5684114372132,6477.895440186134,431.6826244968808,9999.899573136834,1853.640992836451,8428.152127029933,6367.419669376641,5785.915771305621,8941.163890156917,11933.024922521272,2379.1423258300797,1118.8430222369009,1308.440821698761,633.1798423077714,2302.6857424820937,737.3544487142678,554.9586303035887,9635.66209352229,784.5721209488278,1043.7146044590377,1142.604257606154,838.7723740907484,281.576913555292,1701.8548750228817,1823.2230335509435
LTFM,1683.3050965704033,7061.75886204329,11389.29648462006,9588.351242168645,1547.9829132915345,2213.88650722904,3027.9011773987722,1712.5684114372132,0.0,8171.274964889148,1837.858012568955,10271.767959942494,2702.2488319417575,8021.792958328303,8027.011333646928,4566.047060442222,8980.31098908937,12266.824206187948,4087.246738830808,2134.8799157182702,2924.4683551417634,2141.818322400416,3211.7174335800105,2221.5840343980844,2107.001771303601,8429.362191332484,1135.558870168953,2037.0282863908224,2830.767342771072,2177.481833179683,1489.3589955451396,2818.8505107888336,552.3631359390542
CYYZ,6609.43313822485,10560.263711728265,3247.890977992751,3346.065262820104,6639.638079367699,6018.511701618143,11080.592571500489,6477.895440186134,8171.274964889148,0.0,6342.662219553331,8271.186132408277,6058.631933989723,11414.11558758609,587.4088954268707,11639.223104050201,10299.375959386833,8985.871186138354,4202.689344520942,6598.71606358994,5259.66456365284,6043.2341631455665,5739.078245285105,5973.892370679363,6069.742465228985,13136.631844292497,7071.777341214486,6650.662663103135,5342.430556810266,6311.706893929508,6682.817209516884,6243.416783834656,8127.399159836934
EDDF,490.1396104415254,7788.395209245619,9551.980932636412,8062.180754267541,299.0736493547062,449.00506895345995,4842.872064752151,431.6826244968808,1837.858012568955,6342.662219553331,0.0,9568.283601551813,1422.050572145159,8857.834873324387,6189.1542734461045,6121.185112535329,9366.014476753255,11502.137750607373,2379.55963806095,1537.9389925099097,1086.8940196113897,304.70667836915743,1873.84706028188,392.7983156454291,274.34672759363383,9393.055953949077,734.44155732098,1467.8755620952131,1032.8584656977316,1222.987175365273,406.27801971921986,2079.668281738598,1815.8370182307754
SBGL,9240.443773621446,17318.624718116444,7665.076602134776,11212.325649046332,9616.447470619587,9184.123131785209,11884.360300095565,9999.899573136834,10271.767959942494,8271.186132408277,9568.283601551813,0.0,8146.258928316377,18271.284864397905,7729.093708099038,14063.511167522962,18531.195791108297,1995.428353470573,9842.304164811861,11078.85214073269,9192.749867185408,9432.38980302497,7714.979604082941,9339.141101101264,9519.607478719365,6087.871598998781,9684.845164511811,11021.75343361116,9529.814395113926,10709.342326685113,9879.080082772547,11451.376242794004,9730.98460712888
LEMD,1148.5660668194528,9206.378510653298,9066.890918984103,8426.398460222947,1496.9693797182808,1064.514287652328,5648.573067280119,1853.640992836451,2702.2488319417575,6058.631933989723,1422.050572145159,8146.258928316377,0.0,10270.038168674499,5762.025471470951,7255.328214906565,10771.365389773611,10084.891062660701,2888.0069315874402,2947.4320721225527,1454.225118962622,1315.552739483112,512.8845584370001,1235.5813496072453,1400.4404453661639,8584.107113717999,1692.5382745319923,2883.3149200833927,1721.1421621023853,2601.3493707511634,1750.6615229202562,3422.0000222935455,2377.4313326404604
ZSPD,9145.462921839513,1098.8391881220052,12896.888950685934,9016.027042522252,8778.291229474024,9266.538821703734,6448.573340149029,8428.152127029933,8021.792958328303,11414.11558758609,8857.834873324387,18271.284864397905,10270.038168674499,0.0,11872.965768605623,4292.294164011961,1795.1653470701212,19605.48726466171,8956.580903846041,7393.997300475772,9364.445984146492,9024.973770238224,10730.78496714352,9123.256093925884,8938.065932826861,12989.53522682959,8670.244773563427,7439.701976930367,9032.685343726816,7780.26414951412,8520.514010353765,7111.796723483437,8557.446927892031
KJFK,6411.630216485815,10977.61138682235,3365.6070797424704,3929.667087827683,6480.773715334404,5833.386425117882,11000.82939708662,6367.419669376641,8027.011333646928,587.4088954268707,6189.1542734461045,7729.093708099038,5762.025471470951,11872.965768605623,0.0,11754.94829850792,10829.468019943439,8534.711892841717,4197.785190963327,6606.914800539541,5102.730002183939,5885.3697807968165,5404.309620041176,5807.873795019511,5920.872953839785,12560.803274067739,6905.329783235579,6649.356410602336,5224.818687727301,6291.593874633475,6550.828678253268,6318.434484589655,7932.455806289573
VIDP,6159.502244229665,3811.22316900493,14662.708439597296,11138.384837166739,5899.979912189503,6565.92854943909,2183.190603769457,5785.915771305621,4566.047060442222,11639.223104050201,6121.185112535329,14063.511167522962,7255.328214906565,4292.294164011961,11754.94829850792,0.0,5909.250123279566,15794.490572393017,7593.777972803409,5223.847444426262,7074.36258815461,6399.817544030502,7767.803301105655,6501.080434257892,6331.400341379829,9282.845350520629,5589.209484397878,5200.6264450305825,6836.246415386642,5583.875141564338,5714.970423703678,5439.118104243794,4983.851376266188
RJAA,9749.009266937597,2133.3180240322217,11253.545374395047,7503.3643827802725,9366.60393351221,9709.31227814645,7978.6421393820765,8941.163890156917,8980.31098908937,10299.375959386833,9366.014476753255,18531.195791108297,10771.365389773611,1795.1653470701212,10829.468019943439,5909.250123279566,0.0,18297.19994521465,8798.321608971684,7828.74735963798,9590.00408587783,9457.890709909856,11153.913596141403,9543.069153437295,9372.118080501896,14780.473523154042,9373.225157229546,7898.436176812024,9254.53199963534,8170.395509786672,9102.009097801203,7370.85294938375,9532.669034889863
SAEZ,11200.030488781033,19289.70928642004,7396.77973611544,11306.011894863244,11571.029543749757,11100.067083107158,13675.498953376862,11933.024922521272,12266.824206187948,8985.871186138354,11502.137750607373,1995.428353470573,10084.891062660701,19605.48726466171,8534.711892841717,15794.490572393017,18297.19994521465,0.0,11460.844970957083,12981.387744901565,11025.405820274522,11343.810900959297,9632.30052917482,11246.712767060582,11430.931607617464,6886.082041979985,11662.142744355435,12932.640473630083,11358.623493704585,12598.548940741373,11830.92337423204,13282.900559270385,11725.05562218717
BIKF,2789.8815830930635,7870.884193010363,7447.576134836068,5701.731716788582,2669.2628149565803,2225.1176543641695,6885.950773003389,2379.1423258300797,4087.246738830808,4202.689344520942,2379.55963806095,9842.304164811861,2888.0069315874402,8956.580903846041,4197.785190963327,7593.777972803409,8798.321608971684,11460.844970957083,0.0,2409.583253800543,1486.395041095137,2128.9170434945413,2942.307926147029,2102.4846976713584,2117.6234281227908,11472.045420118653,3094.6660800724226,2454.7484880957145,1366.1622281126076,2109.0743457943413,2628.101221542469,2177.0499490729367,4176.891888856657
EFHK,1951.0929540754787,6308.537771925007,9830.89999106367,7505.149627195536,1574.5399279099283,1895.5582344575273,4537.025110362885,1118.8430222369009,2134.8799157182702,6598.71606358994,1537.9389925099097,11078.85214073269,2947.4320721225527,7393.997300475772,6606.914800539541,5223.847444426262,7828.74735963798,12981.387744901565,2409.583253800543,0.0,2023.288540062737,1646.5424706420476,3363.876975912895,1739.9740827336304,1559.3618854820566,10500.580656352362,1722.928893753889,100.72063567001045,1717.6968421996937,398.5689357775947,1319.6263258874899,695.2573510545288,2489.6794411140104
EIDW,1381.192654254011,8268.747197889683,8465.097546487645,7164.329817709851,1381.2860601870107,784.9693369031335,5918.191105076748,1308.440821698761,2924.4683551417634,5259.66456365284,1086.8940196113897,9192.749867185408,1454.225118962622,9364.445984146492,5102.730002183939,7074.36258815461,9590.00408587783,11025.405820274522,1486.395041095137,2023.288540062737,0.0,784.4652218415466,1642.4746695558613,715.1697675357511,818.4419646564614,10009.776088175524,1812.1546193462373,2002.9192181397093,337.2039534199319,1624.7526881721867,1454.9163652752302,2262.6890021087634,2875.9209801847924
EBBR,664.3952506566018,7945.907748157385,9248.791253224706,7827.183480204533,596.828250612871,251.42649654422516,5147.156165772344,633.1798423077714,2141.818322400416,6043.2341631455665,304.70667836915743,9432.38980302497,1315.552739483112,9024.973770238224,5885.3697807968165,6399.817544030502,9457.890709909856,11343.810900959297,2128.9170434945413,1646.5424706420476,784.4652218415466,0.0,1717.441913766903,104.17464565809286,87.26507901126318,9538.261583682088,1028.9384999379752,1590.7996147657782,764.8529460052239,1287.8123921554281,696.6701556393344,2109.419990192777,2101.487122926399
LPPT,1650.4062874119006,9657.682879314776,8664.536583495246,8288.503867714651,1983.6079398270863,1469.9632862919395,6137.549256169119,2302.6857424820937,3211.7174335800105,5739.078245285105,1873.84706028188,7714.979604082941,512.8845584370001,10730.78496714352,5404.309620041176,7767.803301105655,11153.913596141403,9632.30052917482,2942.307926147029,3363.876975912895,1642.4746695558613,1717.441913766903,0.0,1624.5352370256298,1804.6765643174188,8579.965571388671,2202.428641890457,3307.6755735702613,1956.1303624433278,2998.3052371348076,2228.9079544309607,3783.3341214037023,2870.399397724636
LFQQ,689.0474073989398,8042.99692176469,9172.519686277623,7804.029472119836,673.6101624423094,177.29972762352907,5233.556863398388,737.3544487142678,2221.5840343980844,5973.892370679363,392.7983156454291,9339.141101101264,1235.5813496072453,9123.256093925884,5807.873795019511,6501.080434257892,9543.069153437295,11246.712767060582,2102.4846976713584,1739.9740827336304,715.1697675357511,104.17464565809286,1624.5352370256298,0.0,187.09147772320674,9522.742717702058,1099.1833149167103,1686.475455041425,736.7464462666057,1375.4704625714714,793.0800262284977,2186.4196889276245,2161.2853740484825
EHEH,692.3835754883867,7858.784279958065,9282.302300217629,7809.899033180775,573.3926461914037,337.5067385741307,5102.345397401615,554.9586303035887,2107.001771303601,6069.742465228985,274.34672759363383,9519.607478719365,1400.4404453661639,8938.065932826861,5920.872953839785,6331.400341379829,9372.118080501896,11430.931607617464,2117.6234281227908,1559.3618854820566,818.4419646564614,87.26507901126318,1804.6765643174188,187.09147772320674,0.0,9586.034315842975,1008.7302268245519,1503.538739642221,761.9890447440483,1201.790094986564,642.0340692834425,2026.9394149057935,2089.016063229445
FACT,8906.660841148243,12967.734897763023,13711.343976959879,16465.20953208748,9179.18835595483,9363.399547331674,7644.498781549268,9635.66209352229,8429.362191332484,13136.631844292497,9393.055953949077,6087.871598998781,8584.107113717999,12989.53522682959,12560.803274067739,9282.845350520629,14780.473523154042,6886.082041979985,11472.045420118653,10500.580656352362,10009.776088175524,9538.261583682088,8579.965571388671,9522.742717702058,9586.034315842975,0.0,8867.258411800965,10399.864784061421,10213.775685686389,10410.637422820557,9358.288777530079,11195.351682199891,8014.8303514408435
LDZA,571.2976495991094,7637.516242212898,10270.57949825156,8746.620493868128,435.372805823521,1079.12295434704,4162.586440529364,784.5721209488278,1135.558870168953,7071.777341214486,734.44155732098,9684.845164511811,1692.5382745319923,8670.244773563427,6905.329783235579,5589.209484397878,9373.225157229546,11662.142744355435,3094.6660800724226,1722.928893753889,1812.1546193462373,1028.9384999379752,2202.428641890457,1099.1833149167103,1008.7302268245519,8867.258411800965,0.0,1628.0765988832688,1764.554368661314,1551.7236859844388,503.18469523171706,2385.7771646126907,1084.793589115557
EETN,1870.2436430922335,6357.094712899396,9887.012309094367,7595.2331088364135,1491.5970050572942,1837.8392888325443,4471.733222742804,1043.7146044590377,2037.0282863908224,6650.662663103135,1467.8755620952131,11021.75343361116,2883.3149200833927,7439.701976930367,6649.356410602336,5200.6264450305825,7898.436176812024,12932.640473630083,2454.7484880957145,100.72063567001045,2002.9192181397093,1590.7996147657782,3307.6755735702613,1686.475455041425,1503.538739642221,10399.864784061421,1628.0765988832688,0.0,1705.517234342453,389.62412735087645,1234.036333291913,795.9448462888196,2389.0689513250063
EGPH,1423.7549912527588,7936.25672217657,8573.011598267407,7067.373027293543,1330.3366233869128,868.6768639079258,5776.784700011543,1142.604257606154,2830.767342771072,5342.430556810266,1032.8584656977316,9529.814395113926,1721.1421621023853,9032.685343726816,5224.818687727301,6836.246415386642,9254.53199963534,11358.623493704585,1366.1622281126076,1717.6968421996937,337.2039534199319,764.8529460052239,1956.1303624433278,736.7464462666057,761.9890447440483,10213.775685686389,1764.554368661314,1705.517234342453,0.0,1320.2510546542144,1341.4084262122346,1927.0385770142573,2848.2113604641363
ESSA,1675.0268443034151,6691.864080722933,9555.32776316363,7411.6744673739295,1317.3110466843007,1539.1555178390888,4784.718435844448,838.7723740907484,2177.481833179683,6311.706893929508,1222.987175365273,10709.342326685113,2601.3493707511634,7780.26414951412,6291.593874633475,5583.875141564338,8170.395509786672,12598.548940741373,2109.0743457943413,398.5689357775947,1624.7526881721867,1287.8123921554281,2998.3052371348076,1375.4704625714714,1201.790094986564,10410.637422820557,1551.7236859844388,389.62412735087645,1320.2510546542144,0.0,1086.9490092945773,863.3297003586031,2452.3533525122343
LKPR,647.0153232599317,7461.550939385754,9907.578033808217,8252.779547259795,264.80111614065527,852.6058359792816,4463.278821580964,281.576913555292,1489.3589955451396,6682.817209516884,406.27801971921986,9879.080082772547,1750.6615229202562,8520.514010353765,6550.828678253268,5714.970423703678,9102.009097801203,11830.92337423204,2628.101221542469,1319.6263258874899,1454.9163652752302,696.6701556393344,2228.9079544309607,793.0800262284977,642.0340692834425,9358.288777530079,503.18469523171706,1234.036333291913,1341.4084262122346,1086.9490092945773,0.0,1942.94896284112,1555.754332455913
EFRO,2538.132936085888,6013.908578937793,9429.19591909452,6878.634761429539,2179.5591456309016,2358.800861619531,5027.306459147683,1701.8548750228817,2818.8505107888336,6243.416783834656,2079.668281738598,11451.376242794004,3422.0000222935455,7111.796723483437,6318.434484589655,5439.118104243794,7370.85294938375,13282.900559270385,2177.0499490729367,695.2573510545288,2262.6890021087634,2109.419990192777,3783.3341214037023,2186.4196889276245,2026.9394149057935,11195.351682199891,2385.7771646126907,795.9448462888196,1927.0385770142573,863.3297003586031,1942.94896284112,0.0,3184.843224387242
LGAV,1521.438716868451,7607.430542904929,11295.07456624003,9800.56504320369,1517.8783303811158,2108.8935232724316,3271.3092464029237,1823.2230335509435,552.3631359390542,8127.399159836934,1815.8370182307754,9730.98460712888,2377.4313326404604,8557.446927892031,7932.455806289573,4983.851376266188,9532.669034889863,11725.05562218717,4176.891888856657,2489.6794411140104,2875.9209801847924,2101.487122926399,2870.399397724636,2161.2853740484825,2089.016063229445,8014.8303514408435,1084.793589115557,2389.0689513250063,2848.2113604641363,2452.3533525122343,1555.754332455913,3184.843224387242,0.0
