,LIME,ZSPD,VIDP,LFPG,SAEZ,KJFK,CYVR,OMDB,EDDT,LTFM,EDDM,LEMD,ZBAA,EDDF,CYYZ,SBGL,MMMX,RJAA,EIDW,EGPH,ESSA,LPPT,LDZA,FACT,EBBR,EETN,EHEH,LFQQ,BIKF,LGAV,EFHK,LKPR,EFRO
LIME,0.0,9081.345720298381,6082.706185320692,654.1798188036887,11262.454460082292,6477.675550240074,8524.300246721084,4634.411696551434,809.2271754296073,1608.6007846928012,337.8149533285702,1220.367427968824,8032.26904485344,492.550415734113,6671.136708671728,9300.145436141222,9842.13188680207,9698.334104120337,1433.663567238871,1461.4919162938756,1647.7243899240607,1724.0154738241492,494.3715279576347,8900.787773541293,697.6241308496129,1829.3731684707757,716.9528370522909,731.8948304163779,2826.491908642492,1457.2765076695869,1912.2938553387621,598.695349516173,2510.9812975034515
ZSPD,9081.345720298381,0.0,4292.294164011961,9266.538821703734,19605.48726466171,11872.965768605623,9016.027042522252,6448.573340149029,8428.152127029933,8021.792958328303,8778.291229474024,10270.038168674499,1098.8391881220052,8857.834873324387,11414.11558758609,18271.284864397905,12896.888950685934,1795.1653470701212,9364.445984146492,9032.685343726816,7780.26414951412,10730.78496714352,8670.244773563427,12989.53522682959,9024.973770238224,7439.701976930367,8938.065932826861,9123.256093925884,8956.580903846041,8557.446927892031,7393.997300475772,8520.514010353765,7111.796723483437
VIDP,6082.706185320692,4292.294164011961,0.0,6565.92854943909,15794.490572393017,11754.94829850792,11138.384837166739,2183.190603769457,5785.915771305621,4566.047060442222,5899.979912189503,7255.328214906565,3811.22316900493,6121.185112535329,11639.223104050201,14063.511167522962,14662.708439597296,5909.250123279566,7074.36258815461,6836.246415386642,5583.875141564338,7767.803301105655,5589.209484397878,9282.845350520629,6399.817544030502,5200.6264450305825,6331.400341379829,6501.080434257892,7593.777972803409,4983.851376266188,5223.847444426262,5714.970423703678,5439.118104243794
LFPG,654.1798188036887,9266.538821703734,6565.92854943909,0.0,11100.067083107158,5833.386425117882,7924.983796384183,5238.30373722851,850.4974971095637,2213.88650722904,681.5692933331298,1064.514287652328,8189.724353071151,449.00506895345995,6018.511701618143,9184.123131785209,9198.923534624388,9709.31227814645,784.9693369031335,868.6768639079258,1539.1555178390888,1469.9632862919395,1079.12295434704,9363.399547331674,251.42649654422516,1837.8392888325443,337.5067385741307,177.29972762352907,2225.1176543641695,2108.8935232724316,1895.5582344575273,852.6058359792816,2358.800861619531
SAEZ,11262.454460082292,19605.48726466171,15794.490572393017,11100.067083107158,0.0,8534.711892841717,11306.011894863244,13675.498953376862,11933.024922521272,12266.824206187948,11571.029543749757,10084.891062660701,19289.70928642004,11502.137750607373,8985.871186138354,1995.428353470573,7396.77973611544,18297.19994521465,11025.405820274522,11358.623493704585,12598.548940741373,9632.30052917482,11662.142744355435,6886.082041979985,11343.810900959297,12932.640473630083,11430.931607617464,11246.712767060582,11460.844970957083,11725.05562218717,12981.387744901565,11830.92337423204,13282.900559270385
KJFK,6477.675550240074,11872.965768605623,11754.94829850792,5833.386425117882,8534.711892841717,0.0,3929.667087827683,11000.82939708662,6367.419669376641,8027.011333646928,6480.773715334404,5762.025471470951,10977.61138682235,6189.1542734461045,587.4088954268707,7729.093708099038,3365.6070797424704,10829.468019943439,5102.730002183939,5224.818687727301,6291.593874633475,5404.309620041176,6905.329783235579,12560.803274067739,5885.3697807968165,6649.356410602336,5920.872953839785,5807.873795019511,4197.785190963327,7932.455806289573,6606.914800539541,6550.828678253268,6318.434484589655
CYVR,8524.300246721084,9016.027042522252,11138.384837166739,7924.983796384183,11306.011894863244,3929.667087827683,0.0,11735.171711494506,7979.429067098594,9588.351242168645,8340.059905344417,8426.398460222947,8491.592942617246,8062.180754267541,3346.065262820104,11212.325649046332,3944.571933641011,7503.3643827802725,7164.329817709851,7067.373027293543,7411.6744673739295,8288.503867714651,8746.620493868128,16465.20953208748,7827.183480204533,7595.2331088364135,7809.899033180775,7804.029472119836,5701.731716788582,9800.56504320369,7505.149627195536,8252.779547259795,6878.634761429539
OMDB,4634.411696551434,6448.573340149029,2183.190603769457,5238.30373722851,13675.498953376862,11000.82939708662,11735.171711494506,0.0,4634.536188630778,3027.9011773987722,4563.68638327735,5648.573067280119,5846.428408163956,4842.872064752151,11080.592571500489,11884.360300095565,14328.390980757462,7978.6421393820765,5918.191105076748,5776.784700011543,4784.718435844448,6137.549256169119,4162.586440529364,7644.498781549268,5147.156165772344,4471.733222742804,5102.345397401615,5233.556863398388,6885.950773003389,3271.3092464029237,4537.025110362885,4463.278821580964,5027.306459147683
EDDT,809.2271754296073,8428.152127029933,5785.915771305621,850.4974971095637,11933.024922521272,6367.419669376641,7979.429067098594,4634.536188630778,0.0,1712.5684114372132,479.5750967765883,1853.640992836451,7357.370941408385,431.6826244968808,6477.895440186134,9999.899573136834,9713.650891230824,8941.163890156917,1308.440821698761,1142.604257606154,838.7723740907484,2302.6857424820937,784.5721209488278,9635.66209352229,633.1798423077714,1043.7146044590377,554.9586303035887,737.3544487142678,2379.1423258300797,1823.2230335509435,1118.8430222369009,281.576913555292,1701.8548750228817
LTFM,1608.6007846928012,8021.792958328303,4566.047060442222,2213.88650722904,12266.824206187948,8027.011333646928,9588.351242168645,3027.9011773987722,1712.5684114372132,0.0,1547.9829132915345,2702.2488319417575,7061.75886204329,1837.858012568955,8171.274964889148,10271.767959942494,11389.29648462006,8980.31098908937,2924.4683551417634,2830.767342771072,2177.481833179683,3211.7174335800105,1135.558870168953,8429.362191332484,2141.818322400416,2037.0282863908224,2107.001771303601,2221.5840343980844,4087.246738830808,552.3631359390542,2134.8799157182702,1489.3589955451396,2818.8505107888336
EDDM,337.8149533285702,8778.291229474024,5899.979912189503,681.5692933331298,11571.029543749757,6480.773715334404,8340.059905344417,4563.68638327735,479.5750967765883,1547.9829132915345,0.0,1496.9693797182808,7721.985707506109,299.0736493547062,6639.638079367699,9616.447470619587,9844.86446381779,9366.60393351221,1381.2860601870107,1330.3366233869128,1317.3110466843007,1983.6079398270863,435.372805823521,9179.18835595483,596.828250612871,1491.5970050572942,573.3926461914037,673.6101624423094,2669.2628149565803,1517.8783303811158,1574.5399279099283,264.80111614065527,2179.5591456309016
LEMD,1220.367427968824,10270.038168674499,7255.328214906565,1064.514287652328,10084.891062660701,5762.025471470951,8426.398460222947,5648.573067280119,1853.640992836451,2702.2488319417575,1496.9693797182808,0.0,9206.378510653298,1422.050572145159,6058.631933989723,8146.258928316377,9066.890918984103,10771.365389773611,1454.225118962622,1721.1421621023853,2601.3493707511634,512.8845584370001,1692.5382745319923,8584.107113717999,1315.552739483112,2883.3149200833927,1400.4404453661639,1235.5813496072453,2888.0069315874402,2377.4313326404604,2947.4320721225527,1750.6615229202562,3422.0000222935455
ZBAA,8032.26904485344,1098.8391881220052,3811.22316900493,8189.724353071151,19289.70928642004,10977.61138682235,8491.592942617246,5846.428408163956,7357.370941408385,7061.75886204329,7721.985707506109,9206.378510653298,0.0,7788.395209245619,10560.263711728265,17318.624718116444,12435.185662210233,2133.3180240322217,8268.747197889683,7936.25672217657,6691.864080722933,9657.682879314776,7637.516242212898,12967.734897763023,7945.907748157385,6357.094712899396,7858.784279958065,8042.99692176469,7870.884193010363,7607.430542904929,6308.537771925007,7461.550939385754,6013.908578937793
EDDF,492.550415734113,8857.834873324387,6121.185112535329,449.00506895345995,11502.137750607373,6189.1542734461045,8062.180754267541,4842.872064752151,431.6826244968808,1837.858012568955,299.0736493547062,1422.050572145159,7788.395209245619,0.0,6342.662219553331,9568.283601551813,9551.980932636412,9366.014476753255,1086.8940196113897,1032.8584656977316,1222.987175365273,1873.84706028188,734.44155732098,9393.055953949077,304.70667836915743,1467.8755620952131,274.34672759363383,392.7983156454291,2379.55963806095,1815.8370182307754,1537.9389925099097,406.27801971921986,2079.668281738598
CYYZ,6671.136708671728,11414.11558758609,11639.223104050201,6018.511701618143,8985.871186138354,587.4088954268707,3346.065262820104,11080.592571500489,6477.895440186134,8171.274964889148,6639.638079367699,6058.631933989723,10560.263711728265,6342.662219553331,0.0,8271.186132408277,3247.890977992751,10299.375959386833,5259.66456365284,5342.430556810266,6311.706893929508,5739.078245285105,7071.777341214486,13136.631844292497,6043.2341631455665,6650.662663103135,6069.742465228985,5973.892370679363,4202.689344520942,8127.399159836934,6598.71606358994,6682.817209516884,6243.416783834656
SBGL,9300.145436141222,18271.284864397905,14063.511167522962,9184.123131785209,1995.428353470573,7729.093708099038,11212.325649046332,11884.360300095565,9999.899573136834,10271.767959942494,9616.447470619587,8146.258928316377,17318.624718116444,9568.283601551813,8271.186132408277,0.0,7665.076602134776,18531.195791108297,9192.749867185408,9529.814395113926,10709.342326685113,7714.979604082941,9684.845164511811,6087.871598998781,9432.38980302497,11021.75343361116,9519.607478719365,9339.141101101264,9842.304164811861,9730.98460712888,11078.85214073269,9879.080082772547,11451.376242794004
MMMX,9842.13188680207,12896.888950685934,14662.708439597296,9198.923534624388,7396.77973611544,3365.6070797424704,3944.571933641011,14328.390980757462,9713.650891230824,11389.29648462006,9844.86446381779,9066.890918984103,12435.185662210233,9551.980932636412,3247.890977992751,7665.076602134776,0.0,11253.545374395047,8465.097546487645,8573.011598267407,9555.32776316363,8664.536583495246,10270.57949825156,13711.343976959879,9248.791253224706,9887.012309094367,9282.302300217629,9172.519686277623,7447.576134836068,11295.07456624003,9830.89999106367,9907.578033808217,9429.19591909452
RJAA,9698.334104120337,1795.1653470701212,5909.250123279566,9709.31227814645,18297.19994521465,10829.468019943439,7503.3643827802725,7978.6421393820765,8941.163890156917,8980.31098908937,9366.60393351221,10771.365389773611,2133.3180240322217,9366.014476753255,10299.375959386833,18531.195791108297,11253.545374395047,0.0,9590.00408587783,9254.53199963534,8170.395509786672,11153.913596141403,9373.225157229546,14780.473523154042,9457.890709909856,7898.436176812024,9372.118080501896,9543.069153437295,8798.321608971684,9532.669034889863,7828.74735963798,9102.009097801203,7370.85294938375
EIDW,1433.663567238871,9364.445984146492,7074.36258815461,784.9693369031335,11025.405820274522,5102.730002183939,7164.329817709851,5918.191105076748,1308.440821698761,2924.4683551417634,1381.2860601870107,1454.225118962622,8268.747197889683,1086.8940196113897,5259.66456365284,9192.749867185408,8465.097546487645,9590.00408587783,0.0,337.2039534199319,1624.7526881721867,1642.4746695558613,1812.1546193462373,10009.776088175524,784.4652218415466,2002.9192181397093,818.4419646564614,715.1697675357511,1486.395041095137,2875.9209801847924,2023.288540062737,1454.9163652752302,2262.6890021087634
EGPH,1461.4919162938756,9032.685343726816,6836.246415386642,868.6768639079258,11358.623493704585,5224.818687727301,7067.373027293543,5776.784700011543,1142.604257606154,2830.767342771072,1330.3366233869128,1721.1421621023853,7936.25672217657,1032.8584656977316,5342.430556810266,9529.814395113926,8573.011598267407,9254.53199963534,337.2039534199319,0.0,1320.2510546542144,1956.1303624433278,1764.554368661314,10213.775685686389,764.8529460052239,1705.517234342453,761.9890447440483,736.7464462666057,1366.1622281126076,2848.2113604641363,1717.6968421996937,1341.4084262122346,1927.0385770142573
ESSA,1647.7243899240607,7780.26414951412,5583.875141564338,1539.1555178390888,12598.548940741373,6291.593874633475,7411.6744673739295,4784.718435844448,838.7723740907484,2177.481833179683,1317.3110466843007,2601.3493707511634,6691.864080722933,1222.987175365273,6311.706893929508,10709.342326685113,9555.32776316363,8170.395509786672,1624.7526881721867,1320.2510546542144,0.0,2998.3052371348076,1551.7236859844388,10410.637422820557,1287.8123921554281,389.62412735087645,1201.790094986564,1375.4704625714714,2109.0743457943413,2452.3533525122343,398.5689357775947,1086.9490092945773,863.3297003586031
LPPT,1724.0154738241492,10730.78496714352,7767.803301105655,1469.9632862919395,9632.30052917482,5404.309620041176,8288.503867714651,6137.549256169119,2302.6857424820937,3211.7174335800105,1983.6079398270863,512.8845584370001,9657.682879314776,1873.84706028188,5739.078245285105,7714.979604082941,8664.536583495246,11153.913596141403,1642.4746695558613,1956.1303624433278,2998.3052371348076,0.0,2202.428641890457,8579.965571388671,1717.441913766903,3307.6755735702613,1804.6765643174188,1624.5352370256298,2942.307926147029,2870.399397724636,3363.876975912895,2228.9079544309607,3783.3341214037023
LDZA,494.3715279576347,8670.244773563427,5589.209484397878,1079.12295434704,11662.142744355435,6905.329783235579,8746.620493868128,4162.586440529364,784.5721209488278,1135.558870168953,435.372805823521,1692.5382745319923,7637.516242212898,734.44155732098,7071.777341214486,9684.845164511811,10270.57949825156,9373.225157229546,1812.1546193462373,1764.554368661314,1551.7236859844388,2202.428641890457,0.0,8867.258411800965,1028.9384999379752,1628.0765988832688,1008.7302268245519,1099.1833149167103,3094.6660800724226,1084.793589115557,1722.928893753889,503.18469523171706,2385.7771646126907
FACT,8900.787773541293,12989.53522682959,9282.845350520629,9363.399547331674,6886.082041979985,12560.803274067739,16465.20953208748,7644.498781549268,9635.66209352229,8429.362191332484,9179.18835595483,8584.107113717999,12967.734897763023,9393.055953949077,13136.631844292497,6087.871598998781,13711.343976959879,14780.473523154042,10009.776088175524,10213.775685686389,10410.637422820557,8579.965571388671,8867.258411800965,0.0,9538.261583682088,10399.864784061421,9586.034315842975,9522.742717702058,11472.045420118653,8014.8303514408435,10500.580656352362,9358.288777530079,11195.351682199891
EBBR,697.6241308496129,9024.973770238224,6399.817544030502,251.42649654422516,11343.810900959297,5885.3697807968165,7827.183480204533,5147.156165772344,633.1798423077714,2141.818322400416,596.828250612871,1315.552739483112,7945.907748157385,304.70667836915743,6043.2341631455665,9432.38980302497,9248.791253224706,9457.890709909856,784.4652218415466,764.8529460052239,1287.8123921554281,1717.441913766903,1028.9384999379752,9538.261583682088,0.0,1590.7996147657782,87.26507901126318,104.17464565809286,2128.9170434945413,2101.487122926399,1646.5424706420476,696.6701556393344,2109.419990192777
EETN,1829.3731684707757,7439.701976930367,5200.6264450305825,1837.8392888325443,12932.640473630083,6649.356410602336,7595.2331088364135,4471.733222742804,1043.7146044590377,2037.0282863908224,1491.5970050572942,2883.3149200833927,6357.094712899396,1467.8755620952131,6650.662663103135,11021.75343361116,9887.012309094367,7898.436176812024,2002.9192181397093,1705.517234342453,389.62412735087645,3307.6755735702613,1628.0765988832688,10399.864784061421,1590.7996147657782,0.0,1503.538739642221,1686.475455041425,2454.7484880957145,2389.0689513250063,100.72063567001045,1234.036333291913,795.9448462888196
EHEH,716.9528370522909,8938.065932826861,6331.400341379829,337.5067385741307,11430.931607617464,5920.872953839785,7809.899033180775,5102.345397401615,554.9586303035887,2107.001771303601,573.3926461914037,1400.4404453661639,7858.784279958065,274.34672759363383,6069.742465228985,9519.607478719365,9282.302300217629,9372.118080501896,818.4419646564614,761.9890447440483,1201.790094986564,1804.6765643174188,1008.7302268245519,9586.034315842975,87.26507901126318,1503.538739642221,0.0,187.09147772320674,2117.6234281227908,2089.016063229445,1559.3618854820566,642.0340692834425,2026.9394149057935
LFQQ,731.8948304163779,9123.256093925884,6501.080434257892,177.29972762352907,11246.712767060582,5807.873795019511,7804.029472119836,5233.556863398388,737.3544487142678,2221.5840343980844,673.6101624423094,1235.5813496072453,8042.99692176469,392.7983156454291,5973.892370679363,9339.141101101264,9172.519686277623,9543.069153437295,715.1697675357511,736.7464462666057,1375.4704625714714,1624.5352370256298,1099.1833149167103,9522.742717702058,104.17464565809286,1686.475455041425,187.09147772320674,0.0,2102.4846976713584,2161.2853740484825,1739.9740827336304,793.0800262284977,2186.4196889276245
BIKF,2826.491908642492,8956.580903846041,7593.777972803409,2225.1176543641695,11460.844970957083,4197.785190963327,5701.731716788582,6885.950773003389,2379.1423258300797,4087.246738830808,2669.2628149565803,2888.0069315874402,7870.884193010363,2379.55963806095,4202.689344520942,9842.304164811861,7447.576134836068,8798.321608971684,1486.395041095137,1366.1622281126076,2109.0743457943413,2942.307926147029,3094.6660800724226,11472.045420118653,2128.9170434945413,2454.7484880957145,2117.6234281227908,2102.4846976713584,0.0,4176.891888856657,2409.583253800543,2628.101221542469,2177.0499490729367
LGAV,1457.2765076695869,8557.446927892031,4983.851376266188,2108.8935232724316,11725.05562218717,7932.455806289573,9800.56504320369,3271.3092464029237,1823.2230335509435,552.3631359390542,1517.8783303811158,2377.4313326404604,7607.430542904929,1815.8370182307754,8127.399159836934,9730.98460712888,11295.07456624003,9532.669034889863,2875.9209801847924,2848.2113604641363,2452.3533525122343,2870.399397724636,1084.793589115557,8014.8303514408435,2101.487122926399,2389.0689513250063,2089.016063229445,2161.2853740484825,4176.891888856657,0.0,2489.6794411140104,1555.754332455913,3184.843224387242
EFHK,1912.2938553387621,7393.997300475772,5223.847444426262,1895.5582344575273,12981.387744901565,6606.914800539541,7505.149627195536,4537.025110362885,1118.8430222369009,2134.8799157182702,1574.5399279099283,2947.4320721225527,6308.537771925007,1537.9389925099097,6598.71606358994,11078.85214073269,9830.89999106367,7828.74735963798,2023.288540062737,1717.6968421996937,398.5689357775947,3363.876975912895,1722.928893753889,10500.580656352362,1646.5424706420476,100.72063567001045,1559.3618854820566,1739.9740827336304,2409.583253800543,2489.6794411140104,0.0,1319.6263258874899,695.2573510545288
LKPR,598.695349516173,8520.514010353765,5714.970423703678,852.6058359792816,11830.92337423204,6550.828678253268,8252.779547259795,4463.278821580964,281.576913555292,1489.3589955451396,264.80111614065527,1750.6615229202562,7461.550939385754,406.27801971921986,6682.817209516884,9879.080082772547,9907.578033808217,9102.009097801203,1454.9163652752302,1341.4084262122346,1086.9490092945773,2228.9079544309607,503.18469523171706,9358.288777530079,696.6701556393344,1234.036333291913,642.0340692834425,793.0800262284977,2628.101221542469,1555.754332455913,1319.6263258874899,0.0,1942.94896284112
EFRO,2510.9812975034515,7111.796723483437,5439.118104243794,2358.800861619531,13282.900559270385,6318.434484589655,6878.634761429539,5027.306459147683,1701.8548750228817,2818.8505107888336,2179.5591456309016,3422.0000222935455,6013.908578937793,2079.668281738598,6243.416783834656,11451.376242794004,9429.19591909452,7370.85294938375,2262.6890021087634,1927.0385770142573,863.3297003586031,3783.3341214037023,2385.7771646126907,11195.351682199891,2109.419990192777,795.9448462888196,2026.9394149057935,2186.4196889276245,2177.0499490729367,3184.843224387242,695.2573510545288,1942.94896284112,0.0
