,LIME,RJAA,CYVR,LTFM,ZSPD,ZBAA,KJFK,SAEZ,MMMX,SBGL,VIDP,EDDM,EDDT,OMDB,EDDF,LEMD,CYYZ,LFPG,LKPR,FACT,ESSA,BIKF,LDZA,LGAV,EIDW,EFRO,LPPT,EGPH,EETN,LFQQ,EHEH,EFHK,EBBR
LIME,0.0,9698.334104120337,8524.300246721084,1608.6007846928012,9081.345720298381,8032.26904485344,6477.675550240074,11262.454460082292,9842.13188680207,9300.145436141222,6082.706185320692,337.8149533285702,809.2271754296073,4634.411696551434,492.550415734113,1220.367427968824,6671.136708671728,654.1798188036887,598.695349516173,8900.787773541293,1647.7243899240607,2826.491908642492,494.3715279576347,1457.2765076695869,1433.663567238871,2510.9812975034515,1724.0154738241492,1461.4919162938756,1829.3731684707757,731.8948304163779,716.9528370522909,1912.2938553387621,697.6241308496129
RJAA,9698.334104120337,0.0,7503.3643827802725,8980.31098908937,1795.1653470701212,2133.3180240322217,10829.468019943439,18297.19994521465,11253.545374395047,18531.195791108297,5909.250123279566,9366.60393351221,8941.163890156917,7978.6421393820765,9366.014476753255,10771.365389773611,10299.375959386833,9709.31227814645,9102.009097801203,14780.473523154042,8170.395509786672,8798.321608971684,9373.225157229546,9532.669034889863,9590.00408587783,7370.85294938375,11153.913596141403,9254.53199963534,7898.436176812024,9543.069153437295,9372.118080501896,7828.74735963798,9457.890709909856
CYVR,8524.300246721084,7503.3643827802725,0.0,9588.351242168645,9016.027042522252,8491.592942617246,3929.667087827683,11306.011894863244,3944.571933641011,11212.325649046332,11138.384837166739,8340.059905344417,7979.429067098594,11735.171711494506,8062.180754267541,8426.398460222947,3346.065262820104,7924.983796384183,8252.779547259795,16465.20953208748,7411.6744673739295,5701.731716788582,8746.620493868128,9800.56504320369,7164.329817709851,6878.634761429539,8288.503867714651,7067.373027293543,7595.2331088364135,7804.029472119836,7809.899033180775,7505.149627195536,7827.183480204533
LTFM,1608.6007846928012,8980.31098908937,9588.351242168645,0.0,8021.792958328303,7061.75886204329,8027.011333646928,12266.824206187948,11389.29648462006,10271.767959942494,4566.047060442222,1547.9829132915345,1712.5684114372132,3027.9011773987722,1837.858012568955,2702.2488319417575,8171.274964889148,2213.88650722904,1489.3589955451396,8429.362191332484,2177.481833179683,4087.246738830808,1135.558870168953,552.3631359390542,2924.4683551417634,2818.8505107888336,3211.7174335800105,2830.767342771072,2037.0282863908224,2221.5840343980844,2107.001771303601,2134.8799157182702,2141.818322400416
ZSPD,9081.345720298381,1795.1653470701212,9016.027042522252,8021.792958328303,0.0,1098.8391881220052,11872.965768605623,19605.48726466171,12896.888950685934,18271.284864397905,4292.294164011961,8778.291229474024,8428.152127029933,6448.573340149029,8857.834873324387,10270.038168674499,11414.11558758609,9266.538821703734,8520.514010353765,12989.53522682959,7780.26414951412,8956.580903846041,8670.244773563427,8557.446927892031,9364.445984146492,7111.796723483437,10730.78496714352,9032.685343726816,7439.701976930367,9123.256093925884,8938.065932826861,7393.997300475772,9024.973770238224
ZBAA,8032.26904485344,2133.3180240322217,8491.592942617246,7061.75886204329,1098.8391881220052,0.0,10977.61138682235,19289.70928642004,12435.185662210233,17318.624718116444,3811.22316900493,7721.985707506109,7357.370941408385,5846.428408163956,7788.395209245619,9206.378510653298,10560.263711728265,8189.724353071151,7461.550939385754,12967.734897763023,6691.864080722933,7870.884193010363,7637.516242212898,7607.430542904929,8268.747197889683,6013.908578937793,9657.682879314776,7936.25672217657,6357.094712899396,8042.99692176469,7858.784279958065,6308.537771925007,7945.907748157385
KJFK,6477.675550240074,10829.468019943439,3929.667087827683,8027.011333646928,11872.965768605623,10977.61138682235,0.0,8534.711892841717,3365.6070797424704,7729.093708099038,11754.94829850792,6480.773715334404,6367.419669376641,11000.82939708662,6189.1542734461045,5762.025471470951,587.4088954268707,5833.386425117882,6550.828678253268,12560.803274067739,6291.593874633475,4197.785190963327,6905.329783235579,7932.455806289573,5102.730002183939,6318.434484589655,5404.309620041176,5224.818687727301,6649.356410602336,5807.873795019511,5920.872953839785,6606.914800539541,5885.3697807968165
SAEZ,11262.454460082292,18297.19994521465,11306.011894863244,12266.824206187948,19605.48726466171,19289.70928642004,8534.711892841717,0.0,7396.77973611544,1995.428353470573,15794.490572393017,11571.029543749757,11933.024922521272,13675.498953376862,11502.137750607373,10084.891062660701,8985.871186138354,11100.067083107158,11830.92337423204,6886.082041979985,12598.548940741373,11460.844970957083,11662.142744355435,11725.05562218717,11025.405820274522,13282.900559270385,9632.30052917482,11358.623493704585,12932.640473630083,11246.712767060582,11430.931607617464,12981.387744901565,11343.810900959297
MMMX,9842.13188680207,11253.545374395047,3944.571933641011,11389.29648462006,12896.888950685934,12435.185662210233,3365.6070797424704,7396.77973611544,0.0,7665.076602134776,14662.708439597296,9844.86446381779,9713.650891230824,14328.390980757462,9551.980932636412,9066.890918984103,3247.890977992751,9198.923534624388,9907.578033808217,13711.343976959879,9555.32776316363,7447.576134836068,10270.57949825156,11295.07456624003,8465.097546487645,9429.19591909452,8664.536583495246,8573.011598267407,9887.012309094367,9172.519686277623,9282.302300217629,9830.89999106367,9248.791253224706
SBGL,9300.145436141222,18531.195791108297,11212.325649046332,10271.767959942494,18271.284864397905,17318.624718116444,7729.093708099038,1995.428353470573,7665.076602134776,0.0,14063.511167522962,9616.447470619587,9999.899573136834,11884.360300095565,9568.283601551813,8146.258928316377,8271.186132408277,9184.123131785209,9879.080082772547,6087.871598998781,10709.342326685113,9842.304164811861,9684.845164511811,9730.98460712888,9192.749867185408,11451.376242794004,7714.979604082941,9529.814395113926,11021.75343361116,9339.141101101264,9519.607478719365,11078.85214073269,9432.38980302497
VIDP,6082.706185320692,5909.250123279566,11138.384837166739,4566.047060442222,4292.294164011961,3811.22316900493,11754.94829850792,15794.490572393017,14662.708439597296,14063.511167522962,0.0,5899.979912189503,5785.915771305621,2183.190603769457,6121.185112535329,7255.328214906565,11639.223104050201,6565.92854943909,5714.970423703678,9282.845350520629,5583.875141564338,7593.777972803409,5589.209484397878,4983.851376266188,7074.36258815461,5439.118104243794,7767.803301105655,6836.246415386642,5200.6264450305825,6501.080434257892,6331.400341379829,5223.847444426262,6399.817544030502
EDDM,337.8149533285702,9366.60393351221,8340.059905344417,1547.9829132915345,8778.291229474024,7721.985707506109,6480.773715334404,11571.029543749757,9844.86446381779,9616.447470619587,5899.979912189503,0.0,479.5750967765883,4563.68638327735,299.0736493547062,1496.9693797182808,6639.638079367699,681.5692933331298,264.80111614065527,9179.18835595483,1317.3110466843007,2669.2628149565803,435.372805823521,1517.8783303811158,1381.2860601870107,2179.5591456309016,1983.6079398270863,1330.3366233869128,1491.5970050572942,673.6101624423094,573.3926461914037,1574.5399279099283,596.828250612871
EDDT,809.2271754296073,8941.163890156917,7979.429067098594,1712.5684114372132,8428.152127029933,7357.370941408385,6367.419669376641,11933.024922521272,9713.650891230824,9999.899573136834,5785.915771305621,479.5750967765883,0.0,4634.536188630778,431.6826244968808,1853.640992836451,6477.895440186134,850.4974971095637,281.576913555292,9635.66209352229,838.7723740907484,2379.1423258300797,784.5721209488278,1823.2230335509435,1308.440821698761,1701.8548750228817,2302.6857424820937,1142.604257606154,1043.7146044590377,737.3544487142678,554.9586303035887,1118.8430222369009,633.1798423077714
OMDB,4634.411696551434,7978.6421393820765,11735.171711494506,3027.9011773987722,6448.573340149029,5846.428408163956,11000.82939708662,13675.498953376862,14328.390980757462,11884.360300095565,2183.190603769457,4563.68638327735,4634.536188630778,0.0,4842.872064752151,5648.573067280119,11080.592571500489,5238.30373722851,4463.278821580964,7644.498781549268,4784.718435844448,6885.950773003389,4162.586440529364,3271.3092464029237,5918.191105076748,5027.306459147683,6137.549256169119,5776.784700011543,4471.733222742804,5233.556863398388,5102.345397401615,4537.025110362885,5147.156165772344
EDDF,492.550415734113,9366.014476753255,8062.180754267541,1837.858012568955,8857.834873324387,7788.395209245619,6189.1542734461045,11502.137750607373,9551.980932636412,9568.283601551813,6121.185112535329,299.0736493547062,431.6826244968808,4842.872064752151,0.0,1422.050572145159,6342.662219553331,449.00506895345995,406.27801971921986,9393.055953949077,1222.987175365273,2379.55963806095,734.44155732098,1815.8370182307754,1086.8940196113897,2079.668281738598,1873.84706028188,1032.8584656977316,1467.8755620952131,392.7983156454291,274.34672759363383,1537.9389925099097,304.70667836915743
LEMD,1220.367427968824,10771.365389773611,8426.398460222947,2702.2488319417575,10270.038168674499,9206.378510653298,5762.025471470951,10084.891062660701,9066.890918984103,8146.258928316377,7255.328214906565,1496.9693797182808,1853.640992836451,5648.573067280119,1422.050572145159,0.0,6058.631933989723,1064.514287652328,1750.6615229202562,8584.107113717999,2601.3493707511634,2888.0069315874402,1692.5382745319923,2377.4313326404604,1454.225118962622,3422.0000222935455,512.8845584370001,1721.1421621023853,2883.3149200833927,1235.5813496072453,1400.4404453661639,2947.4320721225527,1315.552739483112
CYYZ,6671.136708671728,10299.375959386833,3346.065262820104,8171.274964889148,11414.11558758609,10560.263711728265,587.4088954268707,8985.871186138354,3247.890977992751,8271.186132408277,11639.223104050201,6639.638079367699,6477.895440186134,11080.592571500489,6342.662219553331,6058.631933989723,0.0,6018.511701618143,6682.817209516884,13136.631844292497,6311.706893929508,4202.689344520942,7071.777341214486,8127.399159836934,5259.66456365284,6243.416783834656,5739.078245285105,5342.430556810266,6650.662663103135,5973.892370679363,6069.742465228985,6598.71606358994,6043.2341631455665
LFPG,654.1798188036887,9709.31227814645,7924.983796384183,2213.88650722904,9266.538821703734,8189.724353071151,5833.386425117882,11100.067083107158,9198.923534624388,9184.123131785209,6565.92854943909,681.5692933331298,850.4974971095637,5238.30373722851,449.00506895345995,1064.514287652328,6018.511701618143,0.0,852.6058359792816,9363.399547331674,1539.1555178390888,2225.1176543641695,1079.12295434704,2108.8935232724316,784.9693369031335,2358.800861619531,1469.9632862919395,868.6768639079258,1837.8392888325443,177.29972762352907,337.5067385741307,1895.5582344575273,251.42649654422516
LKPR,598.695349516173,9102.009097801203,8252.779547259795,1489.3589955451396,8520.514010353765,7461.550939385754,6550.828678253268,11830.92337423204,9907.578033808217,9879.080082772547,5714.970423703678,264.80111614065527,281.576913555292,4463.278821580964,406.27801971921986,1750.6615229202562,6682.817209516884,852.6058359792816,0.0,9358.288777530079,1086.9490092945773,2628.101221542469,503.18469523171706,1555.754332455913,1454.9163652752302,1942.94896284112,2228.9079544309607,1341.4084262122346,1234.036333291913,793.0800262284977,642.0340692834425,1319.6263258874899,696.6701556393344
FACT,8900.787773541293,14780.473523154042,16465.20953208748,8429.362191332484,12989.53522682959,12967.734897763023,12560.803274067739,6886.082041979985,13711.343976959879,6087.871598998781,9282.845350520629,9179.18835595483,9635.66209352229,7644.498781549268,9393.055953949077,8584.107113717999,13136.631844292497,9363.399547331674,9358.288777530079,0.0,10410.637422820557,11472.045420118653,8867.258411800965,8014.8303514408435,10009.776088175524,11195.351682199891,8579.965571388671,10213.775685686389,10399.864784061421,9522.742717702058,9586.034315842975,10500.580656352362,9538.261583682088
ESSA,1647.7243899240607,8170.395509786672,7411.6744673739295,2177.481833179683,7780.26414951412,6691.864080722933,6291.593874633475,12598.548940741373,9555.32776316363,10709.342326685113,5583.875141564338,1317.3110466843007,838.7723740907484,4784.718435844448,1222.987175365273,2601.3493707511634,6311.706893929508,1539.1555178390888,1086.9490092945773,10410.637422820557,0.0,2109.0743457943413,1551.7236859844388,2452.3533525122343,1624.7526881721867,863.3297003586031,2998.3052371348076,1320.2510546542144,389.62412735087645,1375.4704625714714,1201.790094986564,398.5689357775947,1287.8123921554281
BIKF,2826.491908642492,8798.321608971684,5701.731716788582,4087.246738830808,8956.580903846041,7870.884193010363,4197.785190963327,11460.844970957083,7447.576134836068,9842.304164811861,7593.777972803409,2669.2628149565803,2379.1423258300797,6885.950773003389,2379.55963806095,2888.0069315874402,4202.689344520942,2225.1176543641695,2628.101221542469,11472.045420118653,2109.0743457943413,0.0,3094.6660800724226,4176.891888856657,1486.395041095137,2177.0499490729367,2942.307926147029,1366.1622281126076,2454.7484880957145,2102.4846976713584,2117.6234281227908,2409.583253800543,2128.9170434945413
LDZA,494.3715279576347,9373.225157229546,8746.620493868128,1135.558870168953,8670.244773563427,7637.516242212898,6905.329783235579,11662.142744355435,10270.57949825156,9684.845164511811,5589.209484397878,435.372805823521,784.5721209488278,4162.586440529364,734.44155732098,1692.5382745319923,7071.777341214486,1079.12295434704,503.18469523171706,8867.258411800965,1551.7236859844388,3094.6660800724226,0.0,1084.793589115557,1812.1546193462373,2385.7771646126907,2202.428641890457,1764.554368661314,1628.0765988832688,1099.1833149167103,1008.7302268245519,1722.928893753889,1028.9384999379752
LGAV,1457.2765076695869,9532.669034889863,9800.56504320369,552.3631359390542,8557.446927892031,7607.430542904929,7932.455806289573,11725.05562218717,11295.07456624003,9730.98460712888,4983.851376266188,1517.8783303811158,1823.2230335509435,3271.3092464029237,1815.8370182307754,2377.4313326404604,8127.399159836934,2108.8935232724316,1555.754332455913,8014.8303514408435,2452.3533525122343,4176.891888856657,1084.793589115557,0.0,2875.9209801847924,3184.843224387242,2870.399397724636,2848.2113604641363,2389.0689513250063,2161.2853740484825,2089.016063229445,2489.6794411140104,2101.487122926399
EIDW,1433.663567238871,9590.00408587783,7164.329817709851,2924.4683551417634,9364.445984146492,8268.747197889683,5102.730002183939,11025.405820274522,8465.097546487645,9192.749867185408,7074.36258815461,1381.2860601870107,1308.440821698761,5918.191105076748,1086.8940196113897,1454.225118962622,5259.66456365284,784.9693369031335,1454.9163652752302,10009.776088175524,1624.7526881721867,1486.395041095137,1812.1546193462373,2875.9209801847924,0.0,2262.6890021087634,1642.4746695558613,337.2039534199319,2002.9192181397093,715.1697675357511,818.4419646564614,2023.288540062737,784.4652218415466
EFRO,2510.9812975034515,7370.85294938375,6878.634761429539,2818.8505107888336,7111.796723483437,6013.908578937793,6318.434484589655,13282.900559270385,9429.19591909452,11451.376242794004,5439.118104243794,2179.5591456309016,1701.8548750228817,5027.306459147683,2079.668281738598,3422.0000222935455,6243.416783834656,2358.800861619531,1942.94896284112,11195.351682199891,863.3297003586031,2177.0499490729367,2385.7771646126907,3184.843224387242,2262.6890021087634,0.0,3783.3341214037023,1927.0385770142573,795.9448462888196,2186.4196889276245,2026.9394149057935,695.2573510545288,2109.419990192777
LPPT,1724.0154738241492,11153.913596141403,8288.503867714651,3211.7174335800105,10730.78496714352,9657.682879314776,5404.309620041176,9632.30052917482,8664.536583495246,7714.979604082941,7767.803301105655,1983.6079398270863,2302.6857424820937,6137.549256169119,1873.84706028188,512.8845584370001,5739.078245285105,1469.9632862919395,2228.9079544309607,8579.965571388671,2998.3052371348076,2942.307926147029,2202.428641890457,2870.399397724636,1642.4746695558613,3783.3341214037023,0.0,1956.1303624433278,3307.6755735702613,1624.5352370256298,1804.6765643174188,3363.876975912895,1717.441913766903
EGPH,1461.4919162938756,9254.53199963534,7067.373027293543,2830.767342771072,9032.685343726816,7936.25672217657,5224.818687727301,11358.623493704585,8573.011598267407,9529.814395113926,6836.246415386642,1330.3366233869128,1142.604257606154,5776.784700011543,1032.8584656977316,1721.1421621023853,5342.430556810266,868.6768639079258,1341.4084262122346,10213.775685686389,1320.2510546542144,1366.1622281126076,1764.554368661314,2848.2113604641363,337.2039534199319,1927.0385770142573,1956.1303624433278,0.0,1705.517234342453,736.7464462666057,761.9890447440483,1717.6968421996937,764.8529460052239
EETN,1829.3731684707757,7898.436176812024,7595.2331088364135,2037.0282863908224,7439.701976930367,6357.094712899396,6649.356410602336,12932.640473630083,9887.012309094367,11021.75343361116,5200.6264450305825,1491.5970050572942,1043.7146044590377,4471.733222742804,1467.8755620952131,2883.3149200833927,6650.662663103135,1837.8392888325443,1234.036333291913,10399.864784061421,389.62412735087645,2454.7484880957145,1628.0765988832688,2389.0689513250063,2002.9192181397093,795.9448462888196,3307.6755735702613,1705.517234342453,0.0,1686.475455041425,1503.538739642221,100.72063567001045,1590.7996147657782
LFQQ,731.8948304163779,9543.069153437295,7804.029472119836,2221.5840343980844,9123.256093925884,8042.99692176469,5807.873795019511,11246.712767060582,9172.519686277623,9339.141101101264,6501.080434257892,673.6101624423094,737.3544487142678,5233.556863398388,392.7983156454291,1235.5813496072453,5973.892370679363,177.29972762352907,793.0800262284977,9522.742717702058,1375.4704625714714,2102.4846976713584,1099.1833149167103,2161.2853740484825,715.1697675357511,2186.4196889276245,1624.5352370256298,736.7464462666057,1686.475455041425,0.0,187.09147772320674,1739.9740827336304,104.17464565809286
EHEH,716.9528370522909,9372.118080501896,7809.899033180775,2107.001771303601,8938.065932826861,7858.784279958065,5920.872953839785,11430.931607617464,9282.302300217629,9519.607478719365,6331.400341379829,573.3926461914037,554.9586303035887,5102.345397401615,274.34672759363383,1400.4404453661639,6069.742465228985,337.5067385741307,642.0340692834425,9586.034315842975,1201.790094986564,2117.6234281227908,1008.7302268245519,2089.016063229445,818.4419646564614,2026.9394149057935,1804.6765643174188,761.9890447440483,1503.538739642221,187.09147772320674,0.0,1559.3618854820566,87.26507901126318
EFHK,1912.2938553387621,7828.74735963798,7505.149627195536,2134.8799157182702,7393.997300475772,6308.537771925007,6606.914800539541,12981.387744901565,9830.89999106367,11078.85214073269,5223.847444426262,1574.5399279099283,1118.8430222369009,4537.025110362885,1537.9389925099097,2947.4320721225527,6598.71606358994,1895.5582344575273,1319.6263258874899,10500.580656352362,398.5689357775947,2409.583253800543,1722.928893753889,2489.6794411140104,2023.288540062737,695.2573510545288,3363.876975912895,1717.6968421996937,100.72063567001045,1739.9740827336304,1559.3618854820566,0.0,1646.5424706420476
EBBR,697.6241308496129,9457.890709909856,7827.183480204533,2141.818322400416,9024.973770238224,7945.907748157385,5885.3697807968165,11343.810900959297,9248.791253224706,9432.38980302497,6399.817544030502,596.828250612871,633.1798423077714,5147.156165772344,304.70667836915743,1315.552739483112,6043.2341631455665,251.42649654422516,696.6701556393344,9538.261583682088,1287.8123921554281,2128.9170434945413,1028.9384999379752,2101.487122926399,784.4652218415466,2109.419990192777,1717.441913766903,764.8529460052239,1590.7996147657782,104.17464565809286,87.26507901126318,1646.5424706420476,0.0
