,LIRF,LEMD,VIDP,MMMX,LFPG,ZBAA,ZSPD,EDDF,RJAA,KJFK,SBGL,LTFM,CYVR,EDDM,CYYZ,SAEZ,EDDT,OMDB,EGPH,LDZA,EETN,FACT,LGAV,LPPT,EIDW,EFRO,EFHK,EBBR,ESSA,EHEH,LKPR,LFQQ,BIKF
LIRF,0.0,1329.6414771353595,5933.755490675376,10223.713813904815,1103.018721080239,8150.518949275133,9172.06002239199,961.0099196871063,9907.71324590243,6867.05238818525,9169.145384992777,1373.0851274414642,9002.229875705996,732.5545180372009,7086.091111460242,11152.64657458875,1201.9453532976966,4342.77025770545,1936.9351306841388,537.5358486485911,2144.7432662773303,8447.492147870096,1085.5162109803623,1838.6369514241565,1887.877045473529,2879.518914006426,2236.527853659462,1175.0465897459446,2026.0100284147838,1195.6116672542362,939.0896343890475,1202.6733084178702,3302.877772645817
LEMD,1329.6414771353595,0.0,7255.328214906565,9066.890918984103,1064.514287652328,9206.378510653298,10270.038168674499,1422.050572145159,10771.365389773611,5762.025471470951,8146.258928316377,2702.2488319417575,8426.398460222947,1496.9693797182808,6058.631933989723,10084.891062660701,1853.640992836451,5648.573067280119,1721.1421621023853,1692.5382745319923,2883.3149200833927,8584.107113717999,2377.4313326404604,512.8845584370001,1454.225118962622,3422.0000222935455,2947.4320721225527,1315.552739483112,2601.3493707511634,1400.4404453661639,1750.6615229202562,1235.5813496072453,2888.0069315874402
VIDP,5933.755490675376,7255.328214906565,0.0,14662.708439597296,6565.92854943909,3811.22316900493,4292.294164011961,6121.185112535329,5909.250123279566,11754.94829850792,14063.511167522962,4566.047060442222,11138.384837166739,5899.979912189503,11639.223104050201,15794.490572393017,5785.915771305621,2183.190603769457,6836.246415386642,5589.209484397878,5200.6264450305825,9282.845350520629,4983.851376266188,7767.803301105655,7074.36258815461,5439.118104243794,5223.847444426262,6399.817544030502,5583.875141564338,6331.400341379829,5714.970423703678,6501.080434257892,7593.777972803409
MMMX,10223.713813904815,9066.890918984103,14662.708439597296,0.0,9198.923534624388,12435.185662210233,12896.888950685934,9551.980932636412,11253.545374395047,3365.6070797424704,7665.076602134776,11389.29648462006,3944.571933641011,9844.86446381779,3247.890977992751,7396.77973611544,9713.650891230824,14328.390980757462,8573.011598267407,10270.57949825156,9887.012309094367,13711.343976959879,11295.07456624003,8664.536583495246,8465.097546487645,9429.19591909452,9830.89999106367,9248.791253224706,9555.32776316363,9282.302300217629,9907.578033808217,9172.519686277623,7447.576134836068
LFPG,1103.018721080239,1064.514287652328,6565.92854943909,9198.923534624388,0.0,8189.724353071151,9266.538821703734,449.00506895345995,9709.31227814645,5833.386425117882,9184.123131785209,2213.88650722904,7924.983796384183,681.5692933331298,6018.511701618143,11100.067083107158,850.4974971095637,5238.30373722851,868.6768639079258,1079.12295434704,1837.8392888325443,9363.399547331674,2108.8935232724316,1469.9632862919395,784.9693369031335,2358.800861619531,1895.5582344575273,251.42649654422516,1539.1555178390888,337.5067385741307,852.6058359792816,177.29972762352907,2225.1176543641695
ZBAA,8150.518949275133,9206.378510653298,3811.22316900493,12435.185662210233,8189.724353071151,0.0,1098.8391881220052,7788.395209245619,2133.3180240322217,10977.61138682235,17318.624718116444,7061.75886204329,8491.592942617246,7721.985707506109,10560.263711728265,19289.70928642004,7357.370941408385,5846.428408163956,7936.25672217657,7637.516242212898,6357.094712899396,12967.734897763023,7607.430542904929,9657.682879314776,8268.747197889683,6013.908578937793,6308.537771925007,7945.907748157385,6691.864080722933,7858.784279958065,7461.550939385754,8042.99692176469,7870.884193010363
ZSPD,9172.06002239199,10270.038168674499,4292.294164011961,12896.888950685934,9266.538821703734,1098.8391881220052,0.0,8857.834873324387,1795.1653470701212,11872.965768605623,18271.284864397905,8021.792958328303,9016.027042522252,8778.291229474024,11414.11558758609,19605.48726466171,8428.152127029933,6448.573340149029,9032.685343726816,8670.244773563427,7439.701976930367,12989.53522682959,8557.446927892031,10730.78496714352,9364.445984146492,7111.796723483437,7393.997300475772,9024.973770238224,7780.26414951412,8938.065932826861,8520.514010353765,9123.256093925884,8956.580903846041
EDDF,961.0099196871063,1422.050572145159,6121.185112535329,9551.980932636412,449.00506895345995,7788.395209245619,8857.834873324387,0.0,9366.014476753255,6189.1542734461045,9568.283601551813,1837.858012568955,8062.180754267541,299.0736493547062,6342.662219553331,11502.137750607373,431.6826244968808,4842.872064752151,1032.8584656977316,734.44155732098,1467.8755620952131,9393.055953949077,1815.8370182307754,1873.84706028188,1086.8940196113897,2079.668281738598,1537.9389925099097,304.70667836915743,1222.987175365273,274.34672759363383,406.27801971921986,392.7983156454291,2379.55963806095
RJAA,9907.71324590243,10771.365389773611,5909.250123279566,11253.545374395047,9709.31227814645,2133.3180240322217,1795.1653470701212,9366.014476753255,0.0,10829.468019943439,18531.195791108297,8980.31098908937,7503.3643827802725,9366.60393351221,10299.375959386833,18297.19994521465,8941.163890156917,7978.6421393820765,9254.53199963534,9373.225157229546,7898.436176812024,14780.473523154042,9532.669034889863,11153.913596141403,9590.00408587783,7370.85294938375,7828.74735963798,9457.890709909856,8170.395509786672,9372.118080501896,9102.009097801203,9543.069153437295,8798.321608971684
KJFK,6867.05238818525,5762.025471470951,11754.94829850792,3365.6070797424704,5833.386425117882,10977.61138682235,11872.965768605623,6189.1542734461045,10829.468019943439,0.0,7729.093708099038,8027.011333646928,3929.667087827683,6480.773715334404,587.4088954268707,8534.711892841717,6367.419669376641,11000.82939708662,5224.818687727301,6905.329783235579,6649.356410602336,12560.803274067739,7932.455806289573,5404.309620041176,5102.730002183939,6318.434484589655,6606.914800539541,5885.3697807968165,6291.593874633475,5920.872953839785,6550.828678253268,5807.873795019511,4197.785190963327
SBGL,9169.145384992777,8146.258928316377,14063.511167522962,7665.076602134776,9184.123131785209,17318.624718116444,18271.284864397905,9568.283601551813,18531.195791108297,7729.093708099038,0.0,10271.767959942494,11212.325649046332,9616.447470619587,8271.186132408277,1995.428353470573,9999.899573136834,11884.360300095565,9529.814395113926,9684.845164511811,11021.75343361116,6087.871598998781,9730.98460712888,7714.979604082941,9192.749867185408,11451.376242794004,11078.85214073269,9432.38980302497,10709.342326685113,9519.607478719365,9879.080082772547,9339.141101101264,9842.304164811861
LTFM,1373.0851274414642,2702.2488319417575,4566.047060442222,11389.29648462006,2213.88650722904,7061.75886204329,8021.792958328303,1837.858012568955,8980.31098908937,8027.011333646928,10271.767959942494,0.0,9588.351242168645,1547.9829132915345,8171.274964889148,12266.824206187948,1712.5684114372132,3027.9011773987722,2830.767342771072,1135.558870168953,2037.0282863908224,8429.362191332484,552.3631359390542,3211.7174335800105,2924.4683551417634,2818.8505107888336,2134.8799157182702,2141.818322400416,2177.481833179683,2107.001771303601,1489.3589955451396,2221.5840343980844,4087.246738830808
CYVR,9002.229875705996,8426.398460222947,11138.384837166739,3944.571933641011,7924.983796384183,8491.592942617246,9016.027042522252,8062.180754267541,7503.3643827802725,3929.667087827683,11212.325649046332,9588.351242168645,0.0,8340.059905344417,3346.065262820104,11306.011894863244,7979.429067098594,11735.171711494506,7067.373027293543,8746.620493868128,7595.2331088364135,16465.20953208748,9800.56504320369,8288.503867714651,7164.329817709851,6878.634761429539,7505.149627195536,7827.183480204533,7411.6744673739295,7809.899033180775,8252.779547259795,7804.029472119836,5701.731716788582
EDDM,732.5545180372009,1496.9693797182808,5899.979912189503,9844.86446381779,681.5692933331298,7721.985707506109,8778.291229474024,299.0736493547062,9366.60393351221,6480.773715334404,9616.447470619587,1547.9829132915345,8340.059905344417,0.0,6639.638079367699,11571.029543749757,479.5750967765883,4563.68638327735,1330.3366233869128,435.372805823521,1491.5970050572942,9179.18835595483,1517.8783303811158,1983.6079398270863,1381.2860601870107,2179.5591456309016,1574.5399279099283,596.828250612871,1317.3110466843007,573.3926461914037,264.80111614065527,673.6101624423094,2669.2628149565803
CYYZ,7086.091111460242,6058.631933989723,11639.223104050201,3247.890977992751,6018.511701618143,10560.263711728265,11414.11558758609,6342.662219553331,10299.375959386833,587.4088954268707,8271.186132408277,8171.274964889148,3346.065262820104,6639.638079367699,0.0,8985.871186138354,6477.895440186134,11080.592571500489,5342.430556810266,7071.777341214486,6650.662663103135,13136.631844292497,8127.399159836934,5739.078245285105,5259.66456365284,6243.416783834656,6598.71606358994,6043.2341631455665,6311.706893929508,6069.742465228985,6682.817209516884,5973.892370679363,4202.689344520942
SAEZ,11152.64657458875,10084.891062660701,15794.490572393017,7396.77973611544,11100.067083107158,19289.70928642004,19605.48726466171,11502.137750607373,18297.19994521465,8534.711892841717,1995.428353470573,12266.824206187948,11306.011894863244,11571.029543749757,8985.871186138354,0.0,11933.024922521272,13675.498953376862,11358.623493704585,11662.142744355435,12932.640473630083,6886.082041979985,11725.05562218717,9632.30052917482,11025.405820274522,13282.900559270385,12981.387744901565,11343.810900959297,12598.548940741373,11430.931607617464,11830.92337423204,11246.712767060582,11460.844970957083
EDDT,1201.9453532976966,1853.640992836451,5785.915771305621,9713.650891230824,850.4974971095637,7357.370941408385,8428.152127029933,431.6826244968808,8941.163890156917,6367.419669376641,9999.899573136834,1712.5684114372132,7979.429067098594,479.5750967765883,6477.895440186134,11933.024922521272,0.0,4634.536188630778,1142.604257606154,784.5721209488278,1043.7146044590377,9635.66209352229,1823.2230335509435,2302.6857424820937,1308.440821698761,1701.8548750228817,1118.8430222369009,633.1798423077714,838.7723740907484,554.9586303035887,281.576913555292,737.3544487142678,2379.1423258300797
OMDB,4342.77025770545,5648.573067280119,2183.190603769457,14328.390980757462,5238.30373722851,5846.428408163956,6448.573340149029,4842.872064752151,7978.6421393820765,11000.82939708662,11884.360300095565,3027.9011773987722,11735.171711494506,4563.68638327735,11080.592571500489,13675.498953376862,4634.536188630778,0.0,5776.784700011543,4162.586440529364,4471.733222742804,7644.498781549268,3271.3092464029237,6137.549256169119,5918.191105076748,5027.306459147683,4537.025110362885,5147.156165772344,4784.718435844448,5102.345397401615,4463.278821580964,5233.556863398388,6885.950773003389
EGPH,1936.9351306841388,1721.1421621023853,6836.246415386642,8573.011598267407,868.6768639079258,7936.25672217657,9032.685343726816,1032.8584656977316,9254.53199963534,5224.818687727301,9529.814395113926,2830.767342771072,7067.373027293543,1330.3366233869128,5342.430556810266,11358.623493704585,1142.604257606154,5776.784700011543,0.0,1764.554368661314,1705.517234342453,10213.775685686389,2848.2113604641363,1956.1303624433278,337.2039534199319,1927.0385770142573,1717.6968421996937,764.8529460052239,1320.2510546542144,761.9890447440483,1341.4084262122346,736.7464462666057,1366.1622281126076
LDZA,537.5358486485911,1692.5382745319923,5589.209484397878,10270.57949825156,1079.12295434704,7637.516242212898,8670.244773563427,734.44155732098,9373.225157229546,6905.329783235579,9684.845164511811,1135.558870168953,8746.620493868128,435.372805823521,7071.777341214486,11662.142744355435,784.5721209488278,4162.586440529364,1764.554368661314,0.0,1628.0765988832688,8867.258411800965,1084.793589115557,2202.428641890457,1812.1546193462373,2385.7771646126907,1722.928893753889,1028.9384999379752,1551.7236859844388,1008.7302268245519,503.18469523171706,1099.1833149167103,3094.6660800724226
EETN,2144.7432662773303,2883.3149200833927,5200.6264450305825,9887.012309094367,1837.8392888325443,6357.094712899396,7439.701976930367,1467.8755620952131,7898.436176812024,6649.356410602336,11021.75343361116,2037.0282863908224,7595.2331088364135,1491.5970050572942,6650.662663103135,12932.640473630083,1043.7146044590377,4471.733222742804,1705.517234342453,1628.0765988832688,0.0,10399.864784061421,2389.0689513250063,3307.6755735702613,2002.9192181397093,795.9448462888196,100.72063567001045,1590.7996147657782,389.62412735087645,1503.538739642221,1234.036333291913,1686.475455041425,2454.7484880957145
FACT,8447.492147870096,8584.107113717999,9282.845350520629,13711.343976959879,9363.399547331674,12967.734897763023,12989.53522682959,9393.055953949077,14780.473523154042,12560.803274067739,6087.871598998781,8429.362191332484,16465.20953208748,9179.18835595483,13136.631844292497,6886.082041979985,9635.66209352229,7644.498781549268,10213.775685686389,8867.258411800965,10399.864784061421,0.0,8014.8303514408435,8579.965571388671,10009.776088175524,11195.351682199891,10500.580656352362,9538.261583682088,10410.637422820557,9586.034315842975,9358.288777530079,9522.742717702058,11472.045420118653
LGAV,1085.5162109803623,2377.4313326404604,4983.851376266188,11295.07456624003,2108.8935232724316,7607.430542904929,8557.446927892031,1815.8370182307754,9532.669034889863,7932.455806289573,9730.98460712888,552.3631359390542,9800.56504320369,1517.8783303811158,8127.399159836934,11725.05562218717,1823.2230335509435,3271.3092464029237,2848.2113604641363,1084.793589115557,2389.0689513250063,8014.8303514408435,0.0,2870.399397724636,2875.9209801847924,3184.843224387242,2489.6794411140104,2101.487122926399,2452.3533525122343,2089.016063229445,1555.754332455913,2161.2853740484825,4176.891888856657
LPPT,1838.6369514241565,512.8845584370001,7767.803301105655,8664.536583495246,1469.9632862919395,9657.682879314776,10730.78496714352,1873.84706028188,11153.913596141403,5404.309620041176,7714.979604082941,3211.7174335800105,8288.503867714651,1983.6079398270863,5739.078245285105,9632.30052917482,2302.6857424820937,6137.549256169119,1956.1303624433278,2202.428641890457,3307.6755735702613,8579.965571388671,2870.399397724636,0.0,1642.4746695558613,3783.3341214037023,3363.876975912895,1717.441913766903,2998.3052371348076,1804.6765643174188,2228.9079544309607,1624.5352370256298,2942.307926147029
EIDW,1887.877045473529,1454.225118962622,7074.36258815461,8465.097546487645,784.9693369031335,8268.747197889683,9364.445984146492,1086.8940196113897,9590.00408587783,5102.730002183939,9192.749867185408,2924.4683551417634,7164.329817709851,1381.2860601870107,5259.66456365284,11025.405820274522,1308.440821698761,5918.191105076748,337.2039534199319,1812.1546193462373,2002.9192181397093,10009.776088175524,2875.9209801847924,1642.4746695558613,0.0,2262.6890021087634,2023.288540062737,784.4652218415466,1624.7526881721867,818.4419646564614,1454.9163652752302,715.1697675357511,1486.395041095137
EFRO,2879.518914006426,3422.0000222935455,5439.118104243794,9429.19591909452,2358.800861619531,6013.908578937793,7111.796723483437,2079.668281738598,7370.85294938375,6318.434484589655,11451.376242794004,2818.8505107888336,6878.634761429539,2179.5591456309016,6243.416783834656,13282.900559270385,1701.8548750228817,5027.306459147683,1927.0385770142573,2385.7771646126907,795.9448462888196,11195.351682199891,3184.843224387242,3783.3341214037023,2262.6890021087634,0.0,695.2573510545288,2109.419990192777,863.3297003586031,2026.9394149057935,1942.94896284112,2186.4196889276245,2177.0499490729367
EFHK,2236.527853659462,2947.4320721225527,5223.847444426262,9830.89999106367,1895.5582344575273,6308.537771925007,7393.997300475772,1537.9389925099097,7828.74735963798,6606.914800539541,11078.85214073269,2134.8799157182702,7505.149627195536,1574.5399279099283,6598.71606358994,12981.387744901565,1118.8430222369009,4537.025110362885,1717.6968421996937,1722.928893753889,100.72063567001045,10500.580656352362,2489.6794411140104,3363.876975912895,2023.288540062737,695.2573510545288,0.0,1646.5424706420476,398.5689357775947,1559.3618854820566,1319.6263258874899,1739.9740827336304,2409.583253800543
EBBR,1175.0465897459446,1315.552739483112,6399.817544030502,9248.791253224706,251.42649654422516,7945.907748157385,9024.973770238224,304.70667836915743,9457.890709909856,5885.3697807968165,9432.38980302497,2141.818322400416,7827.183480204533,596.828250612871,6043.2341631455665,11343.810900959297,633.1798423077714,5147.156165772344,764.8529460052239,1028.9384999379752,1590.7996147657782,9538.261583682088,2101.487122926399,1717.441913766903,784.4652218415466,2109.419990192777,1646.5424706420476,0.0,1287.8123921554281,87.26507901126318,696.6701556393344,104.17464565809286,2128.9170434945413
ESSA,2026.0100284147838,2601.3493707511634,5583.875141564338,9555.32776316363,1539.1555178390888,6691.864080722933,7780.26414951412,1222.987175365273,8170.395509786672,6291.593874633475,10709.342326685113,2177.481833179683,7411.6744673739295,1317.3110466843007,6311.706893929508,12598.548940741373,838.7723740907484,4784.718435844448,1320.2510546542144,1551.7236859844388,389.62412735087645,10410.637422820557,2452.3533525122343,2998.3052371348076,1624.7526881721867,863.3297003586031,398.5689357775947,1287.8123921554281,0.0,1201.790094986564,1086.9490092945773,1375.4704625714714,2109.0743457943413
EHEH,1195.6116672542362,1400.4404453661639,6331.400341379829,9282.302300217629,337.5067385741307,7858.784279958065,8938.065932826861,274.34672759363383,9372.118080501896,5920.872953839785,9519.607478719365,2107.001771303601,7809.899033180775,573.3926461914037,6069.742465228985,11430.931607617464,554.9586303035887,5102.345397401615,761.9890447440483,1008.7302268245519,1503.538739642221,9586.034315842975,2089.016063229445,1804.6765643174188,818.4419646564614,2026.9394149057935,1559.3618854820566,87.26507901126318,1201.790094986564,0.0,642.0340692834425,187.09147772320674,2117.6234281227908
LKPR,939.0896343890475,1750.6615229202562,5714.970423703678,9907.578033808217,852.6058359792816,7461.550939385754,8520.514010353765,406.27801971921986,9102.009097801203,6550.828678253268,9879.080082772547,1489.3589955451396,8252.779547259795,264.80111614065527,6682.817209516884,11830.92337423204,281.576913555292,4463.278821580964,1341.4084262122346,503.18469523171706,1234.036333291913,9358.288777530079,1555.754332455913,2228.9079544309607,1454.9163652752302,1942.94896284112,1319.6263258874899,696.6701556393344,1086.9490092945773,642.0340692834425,0.0,793.0800262284977,2628.101221542469
LFQQ,1202.6733084178702,1235.5813496072453,6501.080434257892,9172.519686277623,177.29972762352907,8042.99692176469,9123.256093925884,392.7983156454291,9543.069153437295,5807.873795019511,9339.141101101264,2221.5840343980844,7804.029472119836,673.6101624423094,5973.892370679363,11246.712767060582,737.3544487142678,5233.556863398388,736.7464462666057,1099.1833149167103,1686.475455041425,9522.742717702058,2161.2853740484825,1624.5352370256298,715.1697675357511,2186.4196889276245,1739.9740827336304,104.17464565809286,1375.4704625714714,187.09147772320674,793.0800262284977,0.0,2102.4846976713584
BIKF,3302.877772645817,2888.0069315874402,7593.777972803409,7447.576134836068,2225.1176543641695,7870.884193010363,8956.580903846041,2379.55963806095,8798.321608971684,4197.785190963327,9842.304164811861,4087.246738830808,5701.731716788582,2669.2628149565803,4202.689344520942,11460.844970957083,2379.1423258300797,6885.950773003389,1366.1622281126076,3094.6660800724226,2454.7484880957145,11472.045420118653,4176.891888856657,2942.307926147029,1486.395041095137,2177.0499490729367,2409.583253800543,2128.9170434945413,2109.0743457943413,2117.6234281227908,2628.101221542469,2102.4846976713584,0.0
