,LIMC,LFPG,ZSPD,LEMD,RJAA,SAEZ,KJFK,CYYZ,SBGL,MMMX,EDDM,OMDB,EDDT,EDDF,CYVR,VIDP,LTFM,ZBAA,EBBR,EFRO,EGPH,EFHK,LKPR,LFQQ,BIKF,LDZA,ESSA,EIDW,LGAV,FACT,EHEH,LPPT,EETN
LIMC,0.0,597.647227692862,9145.462921839513,1148.5660668194528,9749.009266937597,11200.030488781033,6411.630216485815,6609.43313822485,9240.443773621446,9775.445770070051,382.4534017470018,4708.190352626581,839.4229173232067,490.1396104415254,8490.289487372997,6159.502244229665,1683.3050965704033,8094.086522767396,664.3952506566018,2538.132936085888,1423.7549912527588,1951.0929540754787,647.0153232599317,689.0474073989398,2789.8815830930635,571.2976495991094,1675.0268443034151,1381.192654254011,1521.438716868451,8906.660841148243,692.3835754883867,1650.4062874119006,1870.2436430922335
LFPG,597.647227692862,0.0,9266.538821703734,1064.514287652328,9709.31227814645,11100.067083107158,5833.386425117882,6018.511701618143,9184.123131785209,9198.923534624388,681.5692933331298,5238.30373722851,850.4974971095637,449.00506895345995,7924.983796384183,6565.92854943909,2213.88650722904,8189.724353071151,251.42649654422516,2358.800861619531,868.6768639079258,1895.5582344575273,852.6058359792816,177.29972762352907,2225.1176543641695,1079.12295434704,1539.1555178390888,784.9693369031335,2108.8935232724316,9363.399547331674,337.5067385741307,1469.9632862919395,1837.8392888325443
ZSPD,9145.462921839513,9266.538821703734,0.0,10270.038168674499,1795.1653470701212,19605.48726466171,11872.965768605623,11414.11558758609,18271.284864397905,12896.888950685934,8778.291229474024,6448.573340149029,8428.152127029933,8857.834873324387,9016.027042522252,4292.294164011961,8021.792958328303,1098.8391881220052,9024.973770238224,7111.796723483437,9032.685343726816,7393.997300475772,8520.514010353765,9123.256093925884,8956.580903846041,8670.244773563427,7780.26414951412,9364.445984146492,8557.446927892031,12989.53522682959,8938.065932826861,10730.78496714352,7439.701976930367
LEMD,1148.5660668194528,1064.514287652328,10270.038168674499,0.0,10771.365389773611,10084.891062660701,5762.025471470951,6058.631933989723,8146.258928316377,9066.890918984103,1496.9693797182808,5648.573067280119,1853.640992836451,1422.050572145159,8426.398460222947,7255.328214906565,2702.2488319417575,9206.378510653298,1315.552739483112,3422.0000222935455,1721.1421621023853,2947.4320721225527,1750.6615229202562,1235.5813496072453,2888.0069315874402,1692.5382745319923,2601.3493707511634,1454.225118962622,2377.4313326404604,8584.107113717999,1400.4404453661639,512.8845584370001,2883.3149200833927
RJAA,9749.009266937597,9709.31227814645,1795.1653470701212,10771.365389773611,0.0,18297.19994521465,10829.468019943439,10299.375959386833,18531.195791108297,11253.545374395047,9366.60393351221,7978.6421393820765,8941.163890156917,9366.014476753255,7503.3643827802725,5909.250123279566,8980.31098908937,2133.3180240322217,9457.890709909856,7370.85294938375,9254.53199963534,7828.74735963798,9102.009097801203,9543.069153437295,8798.321608971684,9373.225157229546,8170.395509786672,9590.00408587783,9532.669034889863,14780.473523154042,9372.118080501896,11153.913596141403,7898.436176812024
SAEZ,11200.030488781033,11100.067083107158,19605.48726466171,10084.891062660701,18297.19994521465,0.0,8534.711892841717,8985.871186138354,1995.428353470573,7396.77973611544,11571.029543749757,13675.498953376862,11933.024922521272,11502.137750607373,11306.011894863244,15794.490572393017,12266.824206187948,19289.70928642004,11343.810900959297,13282.900559270385,11358.623493704585,12981.387744901565,11830.92337423204,11246.712767060582,11460.844970957083,11662.142744355435,12598.548940741373,11025.405820274522,11725.05562218717,6886.082041979985,11430.931607617464,9632.30052917482,12932.640473630083
KJFK,6411.630216485815,5833.386425117882,11872.965768605623,5762.025471470951,10829.468019943439,8534.711892841717,0.0,587.4088954268707,7729.093708099038,3365.6070797424704,6480.773715334404,11000.82939708662,6367.419669376641,6189.1542734461045,3929.667087827683,11754.94829850792,8027.011333646928,10977.61138682235,5885.3697807968165,6318.434484589655,5224.818687727301,6606.914800539541,6550.828678253268,5807.873795019511,4197.785190963327,6905.329783235579,6291.593874633475,5102.730002183939,7932.455806289573,12560.803274067739,5920.872953839785,5404.309620041176,6649.356410602336
CYYZ,6609.43313822485,6018.511701618143,11414.11558758609,6058.631933989723,10299.375959386833,8985.871186138354,587.4088954268707,0.0,8271.186132408277,3247.890977992751,6639.638079367699,11080.592571500489,6477.895440186134,6342.662219553331,3346.065262820104,11639.223104050201,8171.274964889148,10560.263711728265,6043.2341631455665,6243.416783834656,5342.430556810266,6598.71606358994,6682.817209516884,5973.892370679363,4202.689344520942,7071.777341214486,6311.706893929508,5259.66456365284,8127.399159836934,13136.631844292497,6069.742465228985,5739.078245285105,6650.662663103135
SBGL,9240.443773621446,9184.123131785209,18271.284864397905,8146.258928316377,18531.195791108297,1995.428353470573,7729.093708099038,8271.186132408277,0.0,7665.076602134776,9616.447470619587,11884.360300095565,9999.899573136834,9568.283601551813,11212.325649046332,14063.511167522962,10271.767959942494,17318.624718116444,9432.38980302497,11451.376242794004,9529.814395113926,11078.85214073269,9879.080082772547,9339.141101101264,9842.304164811861,9684.845164511811,10709.342326685113,9192.749867185408,9730.98460712888,6087.871598998781,9519.607478719365,7714.979604082941,11021.75343361116
MMMX,9775.445770070051,9198.923534624388,12896.888950685934,9066.890918984103,11253.545374395047,7396.77973611544,3365.6070797424704,3247.890977992751,7665.076602134776,0.0,9844.86446381779,14328.390980757462,9713.650891230824,9551.980932636412,3944.571933641011,14662.708439597296,11389.29648462006,12435.185662210233,9248.791253224706,9429.19591909452,8573.011598267407,9830.89999106367,9907.578033808217,9172.519686277623,7447.576134836068,10270.57949825156,9555.32776316363,8465.097546487645,11295.07456624003,13711.343976959879,9282.302300217629,8664.536583495246,9887.012309094367
EDDM,382.4534017470018,681.5692933331298,8778.291229474024,1496.9693797182808,9366.60393351221,11571.029543749757,6480.773715334404,6639.638079367699,9616.447470619587,9844.86446381779,0.0,4563.68638327735,479.5750967765883,299.0736493547062,8340.059905344417,5899.979912189503,1547.9829132915345,7721.985707506109,596.828250612871,2179.5591456309016,1330.3366233869128,1574.5399279099283,264.80111614065527,673.6101624423094,2669.2628149565803,435.372805823521,1317.3110466843007,1381.2860601870107,1517.8783303811158,9179.18835595483,573.3926461914037,1983.6079398270863,1491.5970050572942
OMDB,4708.190352626581,5238.30373722851,6448.573340149029,5648.573067280119,7978.6421393820765,13675.498953376862,11000.82939708662,11080.592571500489,11884.360300095565,14328.390980757462,4563.68638327735,0.0,4634.536188630778,4842.872064752151,11735.171711494506,2183.190603769457,3027.9011773987722,5846.428408163956,5147.156165772344,5027.306459147683,5776.784700011543,4537.025110362885,4463.278821580964,5233.556863398388,6885.950773003389,4162.586440529364,4784.718435844448,5918.191105076748,3271.3092464029237,7644.498781549268,5102.345397401615,6137.549256169119,4471.733222742804
EDDT,839.4229173232067,850.4974971095637,8428.152127029933,1853.640992836451,8941.163890156917,11933.024922521272,6367.419669376641,6477.895440186134,9999.899573136834,9713.650891230824,479.5750967765883,4634.536188630778,0.0,431.6826244968808,7979.429067098594,5785.915771305621,1712.5684114372132,7357.370941408385,633.1798423077714,1701.8548750228817,1142.604257606154,1118.8430222369009,281.576913555292,737.3544487142678,2379.1423258300797,784.5721209488278,838.7723740907484,1308.440821698761,1823.2230335509435,9635.66209352229,554.9586303035887,2302.6857424820937,1043.7146044590377
EDDF,490.1396104415254,449.00506895345995,8857.834873324387,1422.050572145159,9366.014476753255,11502.137750607373,6189.1542734461045,6342.662219553331,9568.283601551813,9551.980932636412,299.0736493547062,4842.872064752151,431.6826244968808,0.0,8062.180754267541,6121.185112535329,1837.858012568955,7788.395209245619,304.70667836915743,2079.668281738598,1032.8584656977316,1537.9389925099097,406.27801971921986,392.7983156454291,2379.55963806095,734.44155732098,1222.987175365273,1086.8940196113897,1815.8370182307754,9393.055953949077,274.34672759363383,1873.84706028188,1467.8755620952131
CYVR,8490.289487372997,7924.983796384183,9016.027042522252,8426.398460222947,7503.3643827802725,11306.011894863244,3929.667087827683,3346.065262820104,11212.325649046332,3944.571933641011,8340.059905344417,11735.171711494506,7979.429067098594,8062.180754267541,0.0,11138.384837166739,9588.351242168645,8491.592942617246,7827.183480204533,6878.634761429539,7067.373027293543,7505.149627195536,8252.779547259795,7804.029472119836,5701.731716788582,8746.620493868128,7411.6744673739295,7164.329817709851,9800.56504320369,16465.20953208748,7809.899033180775,8288.503867714651,7595.2331088364135
VIDP,6159.502244229665,6565.92854943909,4292.294164011961,7255.328214906565,5909.250123279566,15794.490572393017,11754.94829850792,11639.223104050201,14063.511167522962,14662.708439597296,5899.979912189503,2183.190603769457,5785.915771305621,6121.185112535329,11138.384837166739,0.0,4566.047060442222,3811.22316900493,6399.817544030502,5439.118104243794,6836.246415386642,5223.847444426262,5714.970423703678,6501.080434257892,7593.777972803409,5589.209484397878,5583.875141564338,7074.36258815461,4983.851376266188,9282.845350520629,6331.400341379829,7767.803301105655,5200.6264450305825
LTFM,1683.3050965704033,2213.88650722904,8021.792958328303,2702.2488319417575,8980.31098908937,12266.824206187948,8027.011333646928,8171.274964889148,10271.767959942494,11389.29648462006,1547.9829132915345,3027.9011773987722,1712.5684114372132,1837.858012568955,9588.351242168645,4566.047060442222,0.0,7061.75886204329,2141.818322400416,2818.8505107888336,2830.767342771072,2134.8799157182702,1489.3589955451396,2221.5840343980844,4087.246738830808,1135.558870168953,2177.481833179683,2924.4683551417634,552.3631359390542,8429.362191332484,2107.001771303601,3211.7174335800105,2037.0282863908224
ZBAA,8094.086522767396,8189.724353071151,1098.8391881220052,9206.378510653298,2133.3180240322217,19289.70928642004,10977.61138682235,10560.263711728265,17318.624718116444,12435.185662210233,7721.985707506109,5846.428408163956,7357.370941408385,7788.395209245619,8491.592942617246,3811.22316900493,7061.75886204329,0.0,7945.907748157385,6013.908578937793,7936.25672217657,6308.537771925007,7461.550939385754,8042.99692176469,7870.884193010363,7637.516242212898,6691.864080722933,8268.747197889683,7607.430542904929,12967.734897763023,7858.784279958065,9657.682879314776,6357.094712899396
EBBR,664.3952506566018,251.42649654422516,9024.973770238224,1315.552739483112,9457.890709909856,11343.810900959297,5885.3697807968165,6043.2341631455665,9432.38980302497,9248.791253224706,596.828250612871,5147.156165772344,633.1798423077714,304.70667836915743,7827.183480204533,6399.817544030502,2141.818322400416,7945.907748157385,0.0,2109.419990192777,764.8529460052239,1646.5424706420476,696.6701556393344,104.17464565809286,2128.9170434945413,1028.9384999379752,1287.8123921554281,784.4652218415466,2101.487122926399,9538.261583682088,87.26507901126318,1717.441913766903,1590.7996147657782
EFRO,2538.132936085888,2358.800861619531,7111.796723483437,3422.0000222935455,7370.85294938375,13282.900559270385,6318.434484589655,6243.416783834656,11451.376242794004,9429.19591909452,2179.5591456309016,5027.306459147683,1701.8548750228817,2079.668281738598,6878.634761429539,5439.118104243794,2818.8505107888336,6013.908578937793,2109.419990192777,0.0,1927.0385770142573,695.2573510545288,1942.94896284112,2186.4196889276245,2177.0499490729367,2385.7771646126907,863.3297003586031,2262.6890021087634,3184.843224387242,11195.351682199891,2026.9394149057935,3783.3341214037023,795.9448462888196
EGPH,1423.7549912527588,868.6768639079258,9032.685343726816,1721.1421621023853,9254.53199963534,11358.623493704585,5224.818687727301,5342.430556810266,9529.814395113926,8573.011598267407,1330.3366233869128,5776.784700011543,1142.604257606154,1032.8584656977316,7067.373027293543,6836.246415386642,2830.767342771072,7936.25672217657,764.8529460052239,1927.0385770142573,0.0,1717.6968421996937,1341.4084262122346,736.7464462666057,1366.1622281126076,1764.554368661314,1320.2510546542144,337.2039534199319,2848.2113604641363,10213.775685686389,761.9890447440483,1956.1303624433278,1705.517234342453
EFHK,1951.0929540754787,1895.5582344575273,7393.997300475772,2947.4320721225527,7828.74735963798,12981.387744901565,6606.914800539541,6598.71606358994,11078.85214073269,9830.89999106367,1574.5399279099283,4537.025110362885,1118.8430222369009,1537.9389925099097,7505.149627195536,5223.847444426262,2134.8799157182702,6308.537771925007,1646.5424706420476,695.2573510545288,1717.6968421996937,0.0,1319.6263258874899,1739.9740827336304,2409.583253800543,1722.928893753889,398.5689357775947,2023.288540062737,2489.6794411140104,10500.580656352362,1559.3618854820566,3363.876975912895,100.72063567001045
LKPR,647.0153232599317,852.6058359792816,8520.514010353765,1750.6615229202562,9102.009097801203,11830.92337423204,6550.828678253268,6682.817209516884,9879.080082772547,9907.578033808217,264.80111614065527,4463.278821580964,281.576913555292,406.27801971921986,8252.779547259795,5714.970423703678,1489.3589955451396,7461.550939385754,696.6701556393344,1942.94896284112,1341.4084262122346,1319.6263258874899,0.0,793.0800262284977,2628.101221542469,503.18469523171706,1086.9490092945773,1454.9163652752302,1555.754332455913,9358.288777530079,642.0340692834425,2228.9079544309607,1234.036333291913
LFQQ,689.0474073989398,177.29972762352907,9123.256093925884,1235.5813496072453,9543.069153437295,11246.712767060582,5807.873795019511,5973.892370679363,9339.141101101264,9172.519686277623,673.6101624423094,5233.556863398388,737.3544487142678,392.7983156454291,7804.029472119836,6501.080434257892,2221.5840343980844,8042.99692176469,104.17464565809286,2186.4196889276245,736.7464462666057,1739.9740827336304,793.0800262284977,0.0,2102.4846976713584,1099.1833149167103,1375.4704625714714,715.1697675357511,2161.2853740484825,9522.742717702058,187.09147772320674,1624.5352370256298,1686.475455041425
BIKF,2789.8815830930635,2225.1176543641695,8956.580903846041,2888.0069315874402,8798.321608971684,11460.844970957083,4197.785190963327,4202.689344520942,9842.304164811861,7447.576134836068,2669.2628149565803,6885.950773003389,2379.1423258300797,2379.55963806095,5701.731716788582,7593.777972803409,4087.246738830808,7870.884193010363,2128.9170434945413,2177.0499490729367,1366.1622281126076,2409.583253800543,2628.101221542469,2102.4846976713584,0.0,3094.6660800724226,2109.0743457943413,1486.395041095137,4176.891888856657,11472.045420118653,2117.6234281227908,2942.307926147029,2454.7484880957145
LDZA,571.2976495991094,1079.12295434704,8670.244773563427,1692.5382745319923,9373.225157229546,11662.142744355435,6905.329783235579,7071.777341214486,9684.845164511811,10270.57949825156,435.372805823521,4162.586440529364,784.5721209488278,734.44155732098,8746.620493868128,5589.209484397878,1135.558870168953,7637.516242212898,1028.9384999379752,2385.7771646126907,1764.554368661314,1722.928893753889,503.18469523171706,1099.1833149167103,3094.6660800724226,0.0,1551.7236859844388,1812.1546193462373,1084.793589115557,8867.258411800965,1008.7302268245519,2202.428641890457,1628.0765988832688
ESSA,1675.0268443034151,1539.1555178390888,7780.26414951412,2601.3493707511634,8170.395509786672,12598.548940741373,6291.593874633475,6311.706893929508,10709.342326685113,9555.32776316363,1317.3110466843007,4784.718435844448,838.7723740907484,1222.987175365273,7411.6744673739295,5583.875141564338,2177.481833179683,6691.864080722933,1287.8123921554281,863.3297003586031,1320.2510546542144,398.5689357775947,1086.9490092945773,1375.4704625714714,2109.0743457943413,1551.7236859844388,0.0,1624.7526881721867,2452.3533525122343,10410.637422820557,1201.790094986564,2998.3052371348076,389.62412735087645
EIDW,1381.192654254011,784.9693369031335,9364.445984146492,1454.225118962622,9590.00408587783,11025.405820274522,5102.730002183939,5259.66456365284,9192.749867185408,8465.097546487645,1381.2860601870107,5918.191105076748,1308.440821698761,1086.8940196113897,7164.329817709851,7074.36258815461,2924.4683551417634,8268.747197889683,784.4652218415466,2262.6890021087634,337.2039534199319,2023.288540062737,1454.9163652752302,715.1697675357511,1486.395041095137,1812.1546193462373,1624.7526881721867,0.0,2875.9209801847924,10009.776088175524,818.4419646564614,1642.4746695558613,2002.9192181397093
LGAV,1521.438716868451,2108.8935232724316,8557.446927892031,2377.4313326404604,9532.669034889863,11725.05562218717,7932.455806289573,8127.399159836934,9730.98460712888,11295.07456624003,1517.8783303811158,3271.3092464029237,1823.2230335509435,1815.8370182307754,9800.56504320369,4983.851376266188,552.3631359390542,7607.430542904929,2101.487122926399,3184.843224387242,2848.2113604641363,2489.6794411140104,1555.754332455913,2161.2853740484825,4176.891888856657,1084.793589115557,2452.3533525122343,2875.9209801847924,0.0,8014.8303514408435,2089.016063229445,2870.399397724636,2389.0689513250063
FACT,8906.660841148243,9363.399547331674,12989.53522682959,8584.107113717999,14780.473523154042,6886.082041979985,12560.803274067739,13136.631844292497,6087.871598998781,13711.343976959879,9179.18835595483,7644.498781549268,9635.66209352229,9393.055953949077,16465.20953208748,9282.845350520629,8429.362191332484,12967.734897763023,9538.261583682088,11195.351682199891,10213.775685686389,10500.580656352362,9358.288777530079,9522.742717702058,11472.045420118653,8867.258411800965,10410.637422820557,10009.776088175524,8014.8303514408435,0.0,9586.034315842975,8579.965571388671,10399.864784061421
EHEH,692.3835754883867,337.5067385741307,8938.065932826861,1400.4404453661639,9372.118080501896,11430.931607617464,5920.872953839785,6069.742465228985,9519.607478719365,9282.302300217629,573.3926461914037,5102.345397401615,554.9586303035887,274.34672759363383,7809.899033180775,6331.400341379829,2107.001771303601,7858.784279958065,87.26507901126318,2026.9394149057935,761.9890447440483,1559.3618854820566,642.0340692834425,187.09147772320674,2117.6234281227908,1008.7302268245519,1201.790094986564,818.4419646564614,2089.016063229445,9586.034315842975,0.0,1804.6765643174188,1503.538739642221
LPPT,1650.4062874119006,1469.9632862919395,10730.78496714352,512.8845584370001,11153.913596141403,9632.30052917482,5404.309620041176,5739.078245285105,7714.979604082941,8664.536583495246,1983.6079398270863,6137.549256169119,2302.6857424820937,1873.84706028188,8288.503867714651,7767.803301105655,3211.7174335800105,9657.682879314776,1717.441913766903,3783.3341214037023,1956.1303624433278,3363.876975912895,2228.9079544309607,1624.5352370256298,2942.307926147029,2202.428641890457,2998.3052371348076,1642.4746695558613,2870.399397724636,8579.965571388671,1804.6765643174188,0.0,3307.6755735702613
EETN,1870.2436430922335,1837.8392888325443,7439.701976930367,2883.3149200833927,7898.436176812024,12932.640473630083,6649.356410602336,6650.662663103135,11021.75343361116,9887.012309094367,1491.5970050572942,4471.733222742804,1043.7146044590377,1467.8755620952131,7595.2331088364135,5200.6264450305825,2037.0282863908224,6357.094712899396,1590.7996147657782,795.9448462888196,1705.517234342453,100.72063567001045,1234.036333291913,1686.475455041425,2454.7484880957145,1628.0765988832688,389.62412735087645,2002.9192181397093,2389.0689513250063,10399.864784061421,1503.538739642221,3307.6755735702613,0.0
