,LIRF,LTFM,OMDB,ZSPD,MMMX,EDDF,LEMD,CYYZ,EDDT,SBGL,VIDP,KJFK,EDDM,SAEZ,ZBAA,LFPG,CYVR,RJAA,EHEH,BIKF,LPPT,FACT,LFQQ,LDZA,EBBR,LKPR,EFRO,ESSA,EIDW,EFHK,EETN,LGAV,EGPH
LIRF,0.0,1373.0851274414642,4342.77025770545,9172.06002239199,10223.713813904815,961.0099196871063,1329.6414771353595,7086.091111460242,1201.9453532976966,9169.145384992777,5933.755490675376,6867.05238818525,732.5545180372009,11152.64657458875,8150.518949275133,1103.018721080239,9002.229875705996,9907.71324590243,1195.6116672542362,3302.877772645817,1838.6369514241565,8447.492147870096,1202.6733084178702,537.5358486485911,1175.0465897459446,939.0896343890475,2879.518914006426,2026.0100284147838,1887.877045473529,2236.527853659462,2144.7432662773303,1085.5162109803623,1936.9351306841388
LTFM,1373.0851274414642,0.0,3027.9011773987722,8021.792958328303,11389.29648462006,1837.858012568955,2702.2488319417575,8171.274964889148,1712.5684114372132,10271.767959942494,4566.047060442222,8027.011333646928,1547.9829132915345,12266.824206187948,7061.75886204329,2213.88650722904,9588.351242168645,8980.31098908937,2107.001771303601,4087.246738830808,3211.7174335800105,8429.362191332484,2221.5840343980844,1135.558870168953,2141.818322400416,1489.3589955451396,2818.8505107888336,2177.481833179683,2924.4683551417634,2134.8799157182702,2037.0282863908224,552.3631359390542,2830.767342771072
OMDB,4342.77025770545,3027.9011773987722,0.0,6448.573340149029,14328.390980757462,4842.872064752151,5648.573067280119,11080.592571500489,4634.536188630778,11884.360300095565,2183.190603769457,11000.82939708662,4563.68638327735,13675.498953376862,5846.428408163956,5238.30373722851,11735.171711494506,7978.6421393820765,5102.345397401615,6885.950773003389,6137.549256169119,7644.498781549268,5233.556863398388,4162.586440529364,5147.156165772344,4463.278821580964,5027.306459147683,4784.718435844448,5918.191105076748,4537.025110362885,4471.733222742804,3271.3092464029237,5776.784700011543
ZSPD,9172.06002239199,8021.792958328303,6448.573340149029,0.0,12896.888950685934,8857.834873324387,10270.038168674499,11414.11558758609,8428.152127029933,18271.284864397905,4292.294164011961,11872.965768605623,8778.291229474024,19605.48726466171,1098.8391881220052,9266.538821703734,9016.027042522252,1795.1653470701212,8938.065932826861,8956.580903846041,10730.78496714352,12989.53522682959,9123.256093925884,8670.244773563427,9024.973770238224,8520.514010353765,7111.796723483437,7780.26414951412,9364.445984146492,7393.997300475772,7439.701976930367,8557.446927892031,9032.685343726816
MMMX,10223.713813904815,11389.29648462006,14328.390980757462,12896.888950685934,0.0,9551.980932636412,9066.890918984103,3247.890977992751,9713.650891230824,7665.076602134776,14662.708439597296,3365.6070797424704,9844.86446381779,7396.77973611544,12435.185662210233,9198.923534624388,3944.571933641011,11253.545374395047,9282.302300217629,7447.576134836068,8664.536583495246,13711.343976959879,9172.519686277623,10270.57949825156,9248.791253224706,9907.578033808217,9429.19591909452,9555.32776316363,8465.097546487645,9830.89999106367,9887.012309094367,11295.07456624003,8573.011598267407
EDDF,961.0099196871063,1837.858012568955,4842.872064752151,8857.834873324387,9551.980932636412,0.0,1422.050572145159,6342.662219553331,431.6826244968808,9568.283601551813,6121.185112535329,6189.1542734461045,299.0736493547062,11502.137750607373,7788.395209245619,449.00506895345995,8062.180754267541,9366.014476753255,274.34672759363383,2379.55963806095,1873.84706028188,9393.055953949077,392.7983156454291,734.44155732098,304.70667836915743,406.27801971921986,2079.668281738598,1222.987175365273,1086.8940196113897,1537.9389925099097,1467.8755620952131,1815.8370182307754,1032.8584656977316
LEMD,1329.6414771353595,2702.2488319417575,5648.573067280119,10270.038168674499,9066.890918984103,1422.050572145159,0.0,6058.631933989723,1853.640992836451,8146.258928316377,7255.328214906565,5762.025471470951,1496.9693797182808,10084.891062660701,9206.378510653298,1064.514287652328,8426.398460222947,10771.365389773611,1400.4404453661639,2888.0069315874402,512.8845584370001,8584.107113717999,1235.5813496072453,1692.5382745319923,1315.552739483112,1750.6615229202562,3422.0000222935455,2601.3493707511634,1454.225118962622,2947.4320721225527,2883.3149200833927,2377.4313326404604,1721.1421621023853
CYYZ,7086.091111460242,8171.274964889148,11080.592571500489,11414.11558758609,3247.890977992751,6342.662219553331,6058.631933989723,0.0,6477.895440186134,8271.186132408277,11639.223104050201,587.4088954268707,6639.638079367699,8985.871186138354,10560.263711728265,6018.511701618143,3346.065262820104,10299.375959386833,6069.742465228985,4202.689344520942,5739.078245285105,13136.631844292497,5973.892370679363,7071.777341214486,6043.2341631455665,6682.817209516884,6243.416783834656,6311.706893929508,5259.66456365284,6598.71606358994,6650.662663103135,8127.399159836934,5342.430556810266
EDDT,1201.9453532976966,1712.5684114372132,4634.536188630778,8428.152127029933,9713.650891230824,431.6826244968808,1853.640992836451,6477.895440186134,0.0,9999.899573136834,5785.915771305621,6367.419669376641,479.5750967765883,11933.024922521272,7357.370941408385,850.4974971095637,7979.429067098594,8941.163890156917,554.9586303035887,2379.1423258300797,2302.6857424820937,9635.66209352229,737.3544487142678,784.5721209488278,633.1798423077714,281.576913555292,1701.8548750228817,838.7723740907484,1308.440821698761,1118.8430222369009,1043.7146044590377,1823.2230335509435,1142.604257606154
SBGL,9169.145384992777,10271.767959942494,11884.360300095565,18271.284864397905,7665.076602134776,9568.283601551813,8146.258928316377,8271.186132408277,9999.899573136834,0.0,14063.511167522962,7729.093708099038,9616.447470619587,1995.428353470573,17318.624718116444,9184.123131785209,11212.325649046332,18531.195791108297,9519.607478719365,9842.304164811861,7714.979604082941,6087.871598998781,9339.141101101264,9684.845164511811,9432.38980302497,9879.080082772547,11451.376242794004,10709.342326685113,9192.749867185408,11078.85214073269,11021.75343361116,9730.98460712888,9529.814395113926
VIDP,5933.755490675376,4566.047060442222,2183.190603769457,4292.294164011961,14662.708439597296,6121.185112535329,7255.328214906565,11639.223104050201,5785.915771305621,14063.511167522962,0.0,11754.94829850792,5899.979912189503,15794.490572393017,3811.22316900493,6565.92854943909,11138.384837166739,5909.250123279566,6331.400341379829,7593.777972803409,7767.803301105655,9282.845350520629,6501.080434257892,5589.209484397878,6399.817544030502,5714.970423703678,5439.118104243794,5583.875141564338,7074.36258815461,5223.847444426262,5200.6264450305825,4983.851376266188,6836.246415386642
KJFK,6867.05238818525,8027.011333646928,11000.82939708662,11872.965768605623,3365.6070797424704,6189.1542734461045,5762.025471470951,587.4088954268707,6367.419669376641,7729.093708099038,11754.94829850792,0.0,6480.773715334404,8534.711892841717,10977.61138682235,5833.386425117882,3929.667087827683,10829.468019943439,5920.872953839785,4197.785190963327,5404.309620041176,12560.803274067739,5807.873795019511,6905.329783235579,5885.3697807968165,6550.828678253268,6318.434484589655,6291.593874633475,5102.730002183939,6606.914800539541,6649.356410602336,7932.455806289573,5224.818687727301
EDDM,732.5545180372009,1547.9829132915345,4563.68638327735,8778.291229474024,9844.86446381779,299.0736493547062,1496.9693797182808,6639.638079367699,479.5750967765883,9616.447470619587,5899.979912189503,6480.773715334404,0.0,11571.029543749757,7721.985707506109,681.5692933331298,8340.059905344417,9366.60393351221,573.3926461914037,2669.2628149565803,1983.6079398270863,9179.18835595483,673.6101624423094,435.372805823521,596.828250612871,264.80111614065527,2179.5591456309016,1317.3110466843007,1381.2860601870107,1574.5399279099283,1491.5970050572942,1517.8783303811158,1330.3366233869128
SAEZ,11152.64657458875,12266.824206187948,13675.498953376862,19605.48726466171,7396.77973611544,11502.137750607373,10084.891062660701,8985.871186138354,11933.024922521272,1995.428353470573,15794.490572393017,8534.711892841717,11571.029543749757,0.0,19289.70928642004,11100.067083107158,11306.011894863244,18297.19994521465,11430.931607617464,11460.844970957083,9632.30052917482,6886.082041979985,11246.712767060582,11662.142744355435,11343.810900959297,11830.92337423204,13282.900559270385,12598.548940741373,11025.405820274522,12981.387744901565,12932.640473630083,11725.05562218717,11358.623493704585
ZBAA,8150.518949275133,7061.75886204329,5846.428408163956,1098.8391881220052,12435.185662210233,7788.395209245619,9206.378510653298,10560.263711728265,7357.370941408385,17318.624718116444,3811.22316900493,10977.61138682235,7721.985707506109,19289.70928642004,0.0,8189.724353071151,8491.592942617246,2133.3180240322217,7858.784279958065,7870.884193010363,9657.682879314776,12967.734897763023,8042.99692176469,7637.516242212898,7945.907748157385,7461.550939385754,6013.908578937793,6691.864080722933,8268.747197889683,6308.537771925007,6357.094712899396,7607.430542904929,7936.25672217657
LFPG,1103.018721080239,2213.88650722904,5238.30373722851,9266.538821703734,9198.923534624388,449.00506895345995,1064.514287652328,6018.511701618143,850.4974971095637,9184.123131785209,6565.92854943909,5833.386425117882,681.5692933331298,11100.067083107158,8189.724353071151,0.0,7924.983796384183,9709.31227814645,337.5067385741307,2225.1176543641695,1469.9632862919395,9363.399547331674,177.29972762352907,1079.12295434704,251.42649654422516,852.6058359792816,2358.800861619531,1539.1555178390888,784.9693369031335,1895.5582344575273,1837.8392888325443,2108.8935232724316,868.6768639079258
CYVR,9002.229875705996,9588.351242168645,11735.171711494506,9016.027042522252,3944.571933641011,8062.180754267541,8426.398460222947,3346.065262820104,7979.429067098594,11212.325649046332,11138.384837166739,3929.667087827683,8340.059905344417,11306.011894863244,8491.592942617246,7924.983796384183,0.0,7503.3643827802725,7809.899033180775,5701.731716788582,8288.503867714651,16465.20953208748,7804.029472119836,8746.620493868128,7827.183480204533,8252.779547259795,6878.634761429539,7411.6744673739295,7164.329817709851,7505.149627195536,7595.2331088364135,9800.56504320369,7067.373027293543
RJAA,9907.71324590243,8980.31098908937,7978.6421393820765,1795.1653470701212,11253.545374395047,9366.014476753255,10771.365389773611,10299.375959386833,8941.163890156917,18531.195791108297,5909.250123279566,10829.468019943439,9366.60393351221,18297.19994521465,2133.3180240322217,9709.31227814645,7503.3643827802725,0.0,9372.118080501896,8798.321608971684,11153.913596141403,14780.473523154042,9543.069153437295,9373.225157229546,9457.890709909856,9102.009097801203,7370.85294938375,8170.395509786672,9590.00408587783,7828.74735963798,7898.436176812024,9532.669034889863,9254.53199963534
EHEH,1195.6116672542362,2107.001771303601,5102.345397401615,8938.065932826861,9282.302300217629,274.34672759363383,1400.4404453661639,6069.742465228985,554.9586303035887,9519.607478719365,6331.400341379829,5920.872953839785,573.3926461914037,11430.931607617464,7858.784279958065,337.5067385741307,7809.899033180775,9372.118080501896,0.0,2117.6234281227908,1804.6765643174188,9586.034315842975,187.09147772320674,1008.7302268245519,87.26507901126318,642.0340692834425,2026.9394149057935,1201.790094986564,818.4419646564614,1559.3618854820566,1503.538739642221,2089.016063229445,761.9890447440483
BIKF,3302.877772645817,4087.246738830808,6885.950773003389,8956.580903846041,7447.576134836068,2379.55963806095,2888.0069315874402,4202.689344520942,2379.1423258300797,9842.304164811861,7593.777972803409,4197.785190963327,2669.2628149565803,11460.844970957083,7870.884193010363,2225.1176543641695,5701.731716788582,8798.321608971684,2117.6234281227908,0.0,2942.307926147029,11472.045420118653,2102.4846976713584,3094.6660800724226,2128.9170434945413,2628.101221542469,2177.0499490729367,2109.0743457943413,1486.395041095137,2409.583253800543,2454.7484880957145,4176.891888856657,1366.1622281126076
LPPT,1838.6369514241565,3211.7174335800105,6137.549256169119,10730.78496714352,8664.536583495246,1873.84706028188,512.8845584370001,5739.078245285105,2302.6857424820937,7714.979604082941,7767.803301105655,5404.309620041176,1983.6079398270863,9632.30052917482,9657.682879314776,1469.9632862919395,8288.503867714651,11153.913596141403,1804.6765643174188,2942.307926147029,0.0,8579.965571388671,1624.5352370256298,2202.428641890457,1717.441913766903,2228.9079544309607,3783.3341214037023,2998.3052371348076,1642.4746695558613,3363.876975912895,3307.6755735702613,2870.399397724636,1956.1303624433278
FACT,8447.492147870096,8429.362191332484,7644.498781549268,12989.53522682959,13711.343976959879,9393.055953949077,8584.107113717999,13136.631844292497,9635.66209352229,6087.871598998781,9282.845350520629,12560.803274067739,9179.18835595483,6886.082041979985,12967.734897763023,9363.399547331674,16465.20953208748,14780.473523154042,9586.034315842975,11472.045420118653,8579.965571388671,0.0,9522.742717702058,8867.258411800965,9538.261583682088,9358.288777530079,11195.351682199891,10410.637422820557,10009.776088175524,10500.580656352362,10399.864784061421,8014.8303514408435,10213.775685686389
LFQQ,1202.6733084178702,2221.5840343980844,5233.556863398388,9123.256093925884,9172.519686277623,392.7983156454291,1235.5813496072453,5973.892370679363,737.3544487142678,9339.141101101264,6501.080434257892,5807.873795019511,673.6101624423094,11246.712767060582,8042.99692176469,177.29972762352907,7804.029472119836,9543.069153437295,187.09147772320674,2102.4846976713584,1624.5352370256298,9522.742717702058,0.0,1099.1833149167103,104.17464565809286,793.0800262284977,2186.4196889276245,1375.4704625714714,715.1697675357511,1739.9740827336304,1686.475455041425,2161.2853740484825,736.7464462666057
LDZA,537.5358486485911,1135.558870168953,4162.586440529364,8670.244773563427,10270.57949825156,734.44155732098,1692.5382745319923,7071.777341214486,784.5721209488278,9684.845164511811,5589.209484397878,6905.329783235579,435.372805823521,11662.142744355435,7637.516242212898,1079.12295434704,8746.620493868128,9373.225157229546,1008.7302268245519,3094.6660800724226,2202.428641890457,8867.258411800965,1099.1833149167103,0.0,1028.9384999379752,503.18469523171706,2385.7771646126907,1551.7236859844388,1812.1546193462373,1722.928893753889,1628.0765988832688,1084.793589115557,1764.554368661314
EBBR,1175.0465897459446,2141.818322400416,5147.156165772344,9024.973770238224,9248.791253224706,304.70667836915743,1315.552739483112,6043.2341631455665,633.1798423077714,9432.38980302497,6399.817544030502,5885.3697807968165,596.828250612871,11343.810900959297,7945.907748157385,251.42649654422516,7827.183480204533,9457.890709909856,87.26507901126318,2128.9170434945413,1717.441913766903,9538.261583682088,104.17464565809286,1028.9384999379752,0.0,696.6701556393344,2109.419990192777,1287.8123921554281,784.4652218415466,1646.5424706420476,1590.7996147657782,2101.487122926399,764.8529460052239
LKPR,939.0896343890475,1489.3589955451396,4463.278821580964,8520.514010353765,9907.578033808217,406.27801971921986,1750.6615229202562,6682.817209516884,281.576913555292,9879.080082772547,5714.970423703678,6550.828678253268,264.80111614065527,11830.92337423204,7461.550939385754,852.6058359792816,8252.779547259795,9102.009097801203,642.0340692834425,2628.101221542469,2228.9079544309607,9358.288777530079,793.0800262284977,503.18469523171706,696.6701556393344,0.0,1942.94896284112,1086.9490092945773,1454.9163652752302,1319.6263258874899,1234.036333291913,1555.754332455913,1341.4084262122346
EFRO,2879.518914006426,2818.8505107888336,5027.306459147683,7111.796723483437,9429.19591909452,2079.668281738598,3422.0000222935455,6243.416783834656,1701.8548750228817,11451.376242794004,5439.118104243794,6318.434484589655,2179.5591456309016,13282.900559270385,6013.908578937793,2358.800861619531,6878.634761429539,7370.85294938375,2026.9394149057935,2177.0499490729367,3783.3341214037023,11195.351682199891,2186.4196889276245,2385.7771646126907,2109.419990192777,1942.94896284112,0.0,863.3297003586031,2262.6890021087634,695.2573510545288,795.9448462888196,3184.843224387242,1927.0385770142573
ESSA,2026.0100284147838,2177.481833179683,4784.718435844448,7780.26414951412,9555.32776316363,1222.987175365273,2601.3493707511634,6311.706893929508,838.7723740907484,10709.342326685113,5583.875141564338,6291.593874633475,1317.3110466843007,12598.548940741373,6691.864080722933,1539.1555178390888,7411.6744673739295,8170.395509786672,1201.790094986564,2109.0743457943413,2998.3052371348076,10410.637422820557,1375.4704625714714,1551.7236859844388,1287.8123921554281,1086.9490092945773,863.3297003586031,0.0,1624.7526881721867,398.5689357775947,389.62412735087645,2452.3533525122343,1320.2510546542144
EIDW,1887.877045473529,2924.4683551417634,5918.191105076748,9364.445984146492,8465.097546487645,1086.8940196113897,1454.225118962622,5259.66456365284,1308.440821698761,9192.749867185408,7074.36258815461,5102.730002183939,1381.2860601870107,11025.405820274522,8268.747197889683,784.9693369031335,7164.329817709851,9590.00408587783,818.4419646564614,1486.395041095137,1642.4746695558613,10009.776088175524,715.1697675357511,1812.1546193462373,784.4652218415466,1454.9163652752302,2262.6890021087634,1624.7526881721867,0.0,2023.288540062737,2002.9192181397093,2875.9209801847924,337.2039534199319
EFHK,2236.527853659462,2134.8799157182702,4537.025110362885,7393.997300475772,9830.89999106367,1537.9389925099097,2947.4320721225527,6598.71606358994,1118.8430222369009,11078.85214073269,5223.847444426262,6606.914800539541,1574.5399279099283,12981.387744901565,6308.537771925007,1895.5582344575273,7505.149627195536,7828.74735963798,1559.3618854820566,2409.583253800543,3363.876975912895,10500.580656352362,1739.9740827336304,1722.928893753889,1646.5424706420476,1319.6263258874899,695.2573510545288,398.5689357775947,2023.288540062737,0.0,100.72063567001045,2489.6794411140104,1717.6968421996937
EETN,2144.7432662773303,2037.0282863908224,4471.733222742804,7439.701976930367,9887.012309094367,1467.8755620952131,2883.3149200833927,6650.662663103135,1043.7146044590377,11021.75343361116,5200.6264450305825,6649.356410602336,1491.5970050572942,12932.640473630083,6357.094712899396,1837.8392888325443,7595.2331088364135,7898.436176812024,1503.538739642221,2454.7484880957145,3307.6755735702613,10399.864784061421,1686.475455041425,1628.0765988832688,1590.7996147657782,1234.036333291913,795.9448462888196,389.62412735087645,2002.9192181397093,100.72063567001045,0.0,2389.0689513250063,1705.517234342453
LGAV,1085.5162109803623,552.3631359390542,3271.3092464029237,8557.446927892031,11295.07456624003,1815.8370182307754,2377.4313326404604,8127.399159836934,1823.2230335509435,9730.98460712888,4983.851376266188,7932.455806289573,1517.8783303811158,11725.05562218717,7607.430542904929,2108.8935232724316,9800.56504320369,9532.669034889863,2089.016063229445,4176.891888856657,2870.399397724636,8014.8303514408435,2161.2853740484825,1084.793589115557,2101.487122926399,1555.754332455913,3184.843224387242,2452.3533525122343,2875.9209801847924,2489.6794411140104,2389.0689513250063,0.0,2848.2113604641363
EGPH,1936.9351306841388,2830.767342771072,5776.784700011543,9032.685343726816,8573.011598267407,1032.8584656977316,1721.1421621023853,5342.430556810266,1142.604257606154,9529.814395113926,6836.246415386642,5224.818687727301,1330.3366233869128,11358.623493704585,7936.25672217657,868.6768639079258,7067.373027293543,9254.53199963534,761.9890447440483,1366.1622281126076,1956.1303624433278,10213.775685686389,736.7464462666057,1764.554368661314,764.8529460052239,1341.4084262122346,1927.0385770142573,1320.2510546542144,337.2039534199319,1717.6968421996937,1705.517234342453,2848.2113604641363,0.0
