,LIME,CYYZ,KJFK,RJAA,VIDP,LFPG,EDDT,ZBAA,MMMX,SBGL,EDDM,OMDB,EDDF,LTFM,CYVR,SAEZ,ZSPD,LEMD,EETN,EBBR,ESSA,EGPH,LDZA,EHEH,LFQQ,BIKF,LPPT,LKPR,EIDW,LGAV,EFRO,EFHK,FACT
LIME,0.0,6671.136708671728,6477.675550240074,9698.334104120337,6082.706185320692,654.1798188036887,809.2271754296073,8032.26904485344,9842.13188680207,9300.145436141222,337.8149533285702,4634.411696551434,492.550415734113,1608.6007846928012,8524.300246721084,11262.454460082292,9081.345720298381,1220.367427968824,1829.3731684707757,697.6241308496129,1647.7243899240607,1461.4919162938756,494.3715279576347,716.9528370522909,731.8948304163779,2826.491908642492,1724.0154738241492,598.695349516173,1433.663567238871,1457.2765076695869,2510.9812975034515,1912.2938553387621,8900.787773541293
CYYZ,6671.136708671728,0.0,587.4088954268707,10299.375959386833,11639.223104050201,6018.511701618143,6477.895440186134,10560.263711728265,3247.890977992751,8271.186132408277,6639.638079367699,11080.592571500489,6342.662219553331,8171.274964889148,3346.065262820104,8985.871186138354,11414.11558758609,6058.631933989723,6650.662663103135,6043.2341631455665,6311.706893929508,5342.430556810266,7071.777341214486,6069.742465228985,5973.892370679363,4202.689344520942,5739.078245285105,6682.817209516884,5259.66456365284,8127.399159836934,6243.416783834656,6598.71606358994,13136.631844292497
KJFK,6477.675550240074,587.4088954268707,0.0,10829.468019943439,11754.94829850792,5833.386425117882,6367.419669376641,10977.61138682235,3365.6070797424704,7729.093708099038,6480.773715334404,11000.82939708662,6189.1542734461045,8027.011333646928,3929.667087827683,8534.711892841717,11872.965768605623,5762.025471470951,6649.356410602336,5885.3697807968165,6291.593874633475,5224.818687727301,6905.329783235579,5920.872953839785,5807.873795019511,4197.785190963327,5404.309620041176,6550.828678253268,5102.730002183939,7932.455806289573,6318.434484589655,6606.914800539541,12560.803274067739
RJAA,9698.334104120337,10299.375959386833,10829.468019943439,0.0,5909.250123279566,9709.31227814645,8941.163890156917,2133.3180240322217,11253.545374395047,18531.195791108297,9366.60393351221,7978.6421393820765,9366.014476753255,8980.31098908937,7503.3643827802725,18297.19994521465,1795.1653470701212,10771.365389773611,7898.436176812024,9457.890709909856,8170.395509786672,9254.53199963534,9373.225157229546,9372.118080501896,9543.069153437295,8798.321608971684,11153.913596141403,9102.009097801203,9590.00408587783,9532.669034889863,7370.85294938375,7828.74735963798,14780.473523154042
VIDP,6082.706185320692,11639.223104050201,11754.94829850792,5909.250123279566,0.0,6565.92854943909,5785.915771305621,3811.22316900493,14662.708439597296,14063.511167522962,5899.979912189503,2183.190603769457,6121.185112535329,4566.047060442222,11138.384837166739,15794.490572393017,4292.294164011961,7255.328214906565,5200.6264450305825,6399.817544030502,5583.875141564338,6836.246415386642,5589.209484397878,6331.400341379829,6501.080434257892,7593.777972803409,7767.803301105655,5714.970423703678,7074.36258815461,4983.851376266188,5439.118104243794,5223.847444426262,9282.845350520629
LFPG,654.1798188036887,6018.511701618143,5833.386425117882,9709.31227814645,6565.92854943909,0.0,850.4974971095637,8189.724353071151,9198.923534624388,9184.123131785209,681.5692933331298,5238.30373722851,449.00506895345995,2213.88650722904,7924.983796384183,11100.067083107158,9266.538821703734,1064.514287652328,1837.8392888325443,251.42649654422516,1539.1555178390888,868.6768639079258,1079.12295434704,337.5067385741307,177.29972762352907,2225.1176543641695,1469.9632862919395,852.6058359792816,784.9693369031335,2108.8935232724316,2358.800861619531,1895.5582344575273,9363.399547331674
EDDT,809.2271754296073,6477.895440186134,6367.419669376641,8941.163890156917,5785.915771305621,850.4974971095637,0.0,7357.370941408385,9713.650891230824,9999.899573136834,479.5750967765883,4634.536188630778,431.6826244968808,1712.5684114372132,7979.429067098594,11933.024922521272,8428.152127029933,1853.640992836451,1043.7146044590377,633.1798423077714,838.7723740907484,1142.604257606154,784.5721209488278,554.9586303035887,737.3544487142678,2379.1423258300797,2302.6857424820937,281.576913555292,1308.440821698761,1823.2230335509435,1701.8548750228817,1118.8430222369009,9635.66209352229
ZBAA,8032.26904485344,10560.263711728265,10977.61138682235,2133.3180240322217,3811.22316900493,8189.724353071151,7357.370941408385,0.0,12435.185662210233,17318.624718116444,7721.985707506109,5846.428408163956,7788.395209245619,7061.75886204329,8491.592942617246,19289.70928642004,1098.8391881220052,9206.378510653298,6357.094712899396,7945.907748157385,6691.864080722933,7936.25672217657,7637.516242212898,7858.784279958065,8042.99692176469,7870.884193010363,9657.682879314776,7461.550939385754,8268.747197889683,7607.430542904929,6013.908578937793,6308.537771925007,12967.734897763023
MMMX,9842.13188680207,3247.890977992751,3365.6070797424704,11253.545374395047,14662.708439597296,9198.923534624388,9713.650891230824,12435.185662210233,0.0,7665.076602134776,9844.86446381779,14328.390980757462,9551.980932636412,11389.29648462006,3944.571933641011,7396.77973611544,12896.888950685934,9066.890918984103,9887.012309094367,9248.791253224706,9555.32776316363,8573.011598267407,10270.57949825156,9282.302300217629,9172.519686277623,7447.576134836068,8664.536583495246,9907.578033808217,8465.097546487645,11295.07456624003,9429.19591909452,9830.89999106367,13711.343976959879
SBGL,9300.145436141222,8271.186132408277,7729.093708099038,18531.195791108297,14063.511167522962,9184.123131785209,9999.899573136834,17318.624718116444,7665.076602134776,0.0,9616.447470619587,11884.360300095565,9568.283601551813,10271.767959942494,11212.325649046332,1995.428353470573,18271.284864397905,8146.258928316377,11021.75343361116,9432.38980302497,10709.342326685113,9529.814395113926,9684.845164511811,9519.607478719365,9339.141101101264,9842.304164811861,7714.979604082941,9879.080082772547,9192.749867185408,9730.98460712888,11451.376242794004,11078.85214073269,6087.871598998781
EDDM,337.8149533285702,6639.638079367699,6480.773715334404,9366.60393351221,5899.979912189503,681.5692933331298,479.5750967765883,7721.985707506109,9844.86446381779,9616.447470619587,0.0,4563.68638327735,299.0736493547062,1547.9829132915345,8340.059905344417,11571.029543749757,8778.291229474024,1496.9693797182808,1491.5970050572942,596.828250612871,1317.3110466843007,1330.3366233869128,435.372805823521,573.3926461914037,673.6101624423094,2669.2628149565803,1983.6079398270863,264.80111614065527,1381.2860601870107,1517.8783303811158,2179.5591456309016,1574.5399279099283,9179.18835595483
OMDB,4634.411696551434,11080.592571500489,11000.82939708662,7978.6421393820765,2183.190603769457,5238.30373722851,4634.536188630778,5846.428408163956,14328.390980757462,11884.360300095565,4563.68638327735,0.0,4842.872064752151,3027.9011773987722,11735.171711494506,13675.498953376862,6448.573340149029,5648.573067280119,4471.733222742804,5147.156165772344,4784.718435844448,5776.784700011543,4162.586440529364,5102.345397401615,5233.556863398388,6885.950773003389,6137.549256169119,4463.278821580964,5918.191105076748,3271.3092464029237,5027.306459147683,4537.025110362885,7644.498781549268
EDDF,492.550415734113,6342.662219553331,6189.1542734461045,9366.014476753255,6121.185112535329,449.00506895345995,431.6826244968808,7788.395209245619,9551.980932636412,9568.283601551813,299.0736493547062,4842.872064752151,0.0,1837.858012568955,8062.180754267541,11502.137750607373,8857.834873324387,1422.050572145159,1467.8755620952131,304.70667836915743,1222.987175365273,1032.8584656977316,734.44155732098,274.34672759363383,392.7983156454291,2379.55963806095,1873.84706028188,406.27801971921986,1086.8940196113897,1815.8370182307754,2079.668281738598,1537.9389925099097,9393.055953949077
LTFM,1608.6007846928012,8171.274964889148,8027.011333646928,8980.31098908937,4566.047060442222,2213.88650722904,1712.5684114372132,7061.75886204329,11389.29648462006,10271.767959942494,1547.9829132915345,3027.9011773987722,1837.858012568955,0.0,9588.351242168645,12266.824206187948,8021.792958328303,2702.2488319417575,2037.0282863908224,2141.818322400416,2177.481833179683,2830.767342771072,1135.558870168953,2107.001771303601,2221.5840343980844,4087.246738830808,3211.7174335800105,1489.3589955451396,2924.4683551417634,552.3631359390542,2818.8505107888336,2134.8799157182702,8429.362191332484
CYVR,8524.300246721084,3346.065262820104,3929.667087827683,7503.3643827802725,11138.384837166739,7924.983796384183,7979.429067098594,8491.592942617246,3944.571933641011,11212.325649046332,8340.059905344417,11735.171711494506,8062.180754267541,9588.351242168645,0.0,11306.011894863244,9016.027042522252,8426.398460222947,7595.2331088364135,7827.183480204533,7411.6744673739295,7067.373027293543,8746.620493868128,7809.899033180775,7804.029472119836,5701.731716788582,8288.503867714651,8252.779547259795,7164.329817709851,9800.56504320369,6878.634761429539,7505.149627195536,16465.20953208748
SAEZ,11262.454460082292,8985.871186138354,8534.711892841717,18297.19994521465,15794.490572393017,11100.067083107158,11933.024922521272,19289.70928642004,7396.77973611544,1995.428353470573,11571.029543749757,13675.498953376862,11502.137750607373,12266.824206187948,11306.011894863244,0.0,19605.48726466171,10084.891062660701,12932.640473630083,11343.810900959297,12598.548940741373,11358.623493704585,11662.142744355435,11430.931607617464,11246.712767060582,11460.844970957083,9632.30052917482,11830.92337423204,11025.405820274522,11725.05562218717,13282.900559270385,12981.387744901565,6886.082041979985
ZSPD,9081.345720298381,11414.11558758609,11872.965768605623,1795.1653470701212,4292.294164011961,9266.538821703734,8428.152127029933,1098.8391881220052,12896.888950685934,18271.284864397905,8778.291229474024,6448.573340149029,8857.834873324387,8021.792958328303,9016.027042522252,19605.48726466171,0.0,10270.038168674499,7439.701976930367,9024.973770238224,7780.26414951412,9032.685343726816,8670.244773563427,8938.065932826861,9123.256093925884,8956.580903846041,10730.78496714352,8520.514010353765,9364.445984146492,8557.446927892031,7111.796723483437,7393.997300475772,12989.53522682959
LEMD,1220.367427968824,6058.631933989723,5762.025471470951,10771.365389773611,7255.328214906565,1064.514287652328,1853.640992836451,9206.378510653298,9066.890918984103,8146.258928316377,1496.9693797182808,5648.573067280119,1422.050572145159,2702.2488319417575,8426.398460222947,10084.891062660701,10270.038168674499,0.0,2883.3149200833927,1315.552739483112,2601.3493707511634,1721.1421621023853,1692.5382745319923,1400.4404453661639,1235.5813496072453,2888.0069315874402,512.8845584370001,1750.6615229202562,1454.225118962622,2377.4313326404604,3422.0000222935455,2947.4320721225527,8584.107113717999
EETN,1829.3731684707757,6650.662663103135,6649.356410602336,7898.436176812024,5200.6264450305825,1837.8392888325443,1043.7146044590377,6357.094712899396,9887.012309094367,11021.75343361116,1491.5970050572942,4471.733222742804,1467.8755620952131,2037.0282863908224,7595.2331088364135,12932.640473630083,7439.701976930367,2883.3149200833927,0.0,1590.7996147657782,389.62412735087645,1705.517234342453,1628.0765988832688,1503.538739642221,1686.475455041425,2454.7484880957145,3307.6755735702613,1234.036333291913,2002.9192181397093,2389.0689513250063,795.9448462888196,100.72063567001045,10399.864784061421
EBBR,697.6241308496129,6043.2341631455665,5885.3697807968165,9457.890709909856,6399.817544030502,251.42649654422516,633.1798423077714,7945.907748157385,9248.791253224706,9432.38980302497,596.828250612871,5147.156165772344,304.70667836915743,2141.818322400416,7827.183480204533,11343.810900959297,9024.973770238224,1315.552739483112,1590.7996147657782,0.0,1287.8123921554281,764.8529460052239,1028.9384999379752,87.26507901126318,104.17464565809286,2128.9170434945413,1717.441913766903,696.6701556393344,784.4652218415466,2101.487122926399,2109.419990192777,1646.5424706420476,9538.261583682088
ESSA,1647.7243899240607,6311.706893929508,6291.593874633475,8170.395509786672,5583.875141564338,1539.1555178390888,838.7723740907484,6691.864080722933,9555.32776316363,10709.342326685113,1317.3110466843007,4784.718435844448,1222.987175365273,2177.481833179683,7411.6744673739295,12598.548940741373,7780.26414951412,2601.3493707511634,389.62412735087645,1287.8123921554281,0.0,1320.2510546542144,1551.7236859844388,1201.790094986564,1375.4704625714714,2109.0743457943413,2998.3052371348076,1086.9490092945773,1624.7526881721867,2452.3533525122343,863.3297003586031,398.5689357775947,10410.637422820557
EGPH,1461.4919162938756,5342.430556810266,5224.818687727301,9254.53199963534,6836.246415386642,868.6768639079258,1142.604257606154,7936.25672217657,8573.011598267407,9529.814395113926,1330.3366233869128,5776.784700011543,1032.8584656977316,2830.767342771072,7067.373027293543,11358.623493704585,9032.685343726816,1721.1421621023853,1705.517234342453,764.8529460052239,1320.2510546542144,0.0,1764.554368661314,761.9890447440483,736.7464462666057,1366.1622281126076,1956.1303624433278,1341.4084262122346,337.2039534199319,2848.2113604641363,1927.0385770142573,1717.6968421996937,10213.775685686389
LDZA,494.3715279576347,7071.777341214486,6905.329783235579,9373.225157229546,5589.209484397878,1079.12295434704,784.5721209488278,7637.516242212898,10270.57949825156,9684.845164511811,435.372805823521,4162.586440529364,734.44155732098,1135.558870168953,8746.620493868128,11662.142744355435,8670.244773563427,1692.5382745319923,1628.0765988832688,1028.9384999379752,1551.7236859844388,1764.554368661314,0.0,1008.7302268245519,1099.1833149167103,3094.6660800724226,2202.428641890457,503.18469523171706,1812.1546193462373,1084.793589115557,2385.7771646126907,1722.928893753889,8867.258411800965
EHEH,716.9528370522909,6069.742465228985,5920.872953839785,9372.118080501896,6331.400341379829,337.5067385741307,554.9586303035887,7858.784279958065,9282.302300217629,9519.607478719365,573.3926461914037,5102.345397401615,274.34672759363383,2107.001771303601,7809.899033180775,11430.931607617464,8938.065932826861,1400.4404453661639,1503.538739642221,87.26507901126318,1201.790094986564,761.9890447440483,1008.7302268245519,0.0,187.09147772320674,2117.6234281227908,1804.6765643174188,642.0340692834425,818.4419646564614,2089.016063229445,2026.9394149057935,1559.3618854820566,9586.034315842975
LFQQ,731.8948304163779,5973.892370679363,5807.873795019511,9543.069153437295,6501.080434257892,177.29972762352907,737.3544487142678,8042.99692176469,9172.519686277623,9339.141101101264,673.6101624423094,5233.556863398388,392.7983156454291,2221.5840343980844,7804.029472119836,11246.712767060582,9123.256093925884,1235.5813496072453,1686.475455041425,104.17464565809286,1375.4704625714714,736.7464462666057,1099.1833149167103,187.09147772320674,0.0,2102.4846976713584,1624.5352370256298,793.0800262284977,715.1697675357511,2161.2853740484825,2186.4196889276245,1739.9740827336304,9522.742717702058
BIKF,2826.491908642492,4202.689344520942,4197.785190963327,8798.321608971684,7593.777972803409,2225.1176543641695,2379.1423258300797,7870.884193010363,7447.576134836068,9842.304164811861,2669.2628149565803,6885.950773003389,2379.55963806095,4087.246738830808,5701.731716788582,11460.844970957083,8956.580903846041,2888.0069315874402,2454.7484880957145,2128.9170434945413,2109.0743457943413,1366.1622281126076,3094.6660800724226,2117.6234281227908,2102.4846976713584,0.0,2942.307926147029,2628.101221542469,1486.395041095137,4176.891888856657,2177.0499490729367,2409.583253800543,11472.045420118653
LPPT,1724.0154738241492,5739.078245285105,5404.309620041176,11153.913596141403,7767.803301105655,1469.9632862919395,2302.6857424820937,9657.682879314776,8664.536583495246,7714.979604082941,1983.6079398270863,6137.549256169119,1873.84706028188,3211.7174335800105,8288.503867714651,9632.30052917482,10730.78496714352,512.8845584370001,3307.6755735702613,1717.441913766903,2998.3052371348076,1956.1303624433278,2202.428641890457,1804.6765643174188,1624.5352370256298,2942.307926147029,0.0,2228.9079544309607,1642.4746695558613,2870.399397724636,3783.3341214037023,3363.876975912895,8579.965571388671
LKPR,598.695349516173,6682.817209516884,6550.828678253268,9102.009097801203,5714.970423703678,852.6058359792816,281.576913555292,7461.550939385754,9907.578033808217,9879.080082772547,264.80111614065527,4463.278821580964,406.27801971921986,1489.3589955451396,8252.779547259795,11830.92337423204,8520.514010353765,1750.6615229202562,1234.036333291913,696.6701556393344,1086.9490092945773,1341.4084262122346,503.18469523171706,642.0340692834425,793.0800262284977,2628.101221542469,2228.9079544309607,0.0,1454.9163652752302,1555.754332455913,1942.94896284112,1319.6263258874899,9358.288777530079
EIDW,1433.663567238871,5259.66456365284,5102.730002183939,9590.00408587783,7074.36258815461,784.9693369031335,1308.440821698761,8268.747197889683,8465.097546487645,9192.749867185408,1381.2860601870107,5918.191105076748,1086.8940196113897,2924.4683551417634,7164.329817709851,11025.405820274522,9364.445984146492,1454.225118962622,2002.9192181397093,784.4652218415466,1624.7526881721867,337.2039534199319,1812.1546193462373,818.4419646564614,715.1697675357511,1486.395041095137,1642.4746695558613,1454.9163652752302,0.0,2875.9209801847924,2262.6890021087634,2023.288540062737,10009.776088175524
LGAV,1457.2765076695869,8127.399159836934,7932.455806289573,9532.669034889863,4983.851376266188,2108.8935232724316,1823.2230335509435,7607.430542904929,11295.07456624003,9730.98460712888,1517.8783303811158,3271.3092464029237,1815.8370182307754,552.3631359390542,9800.56504320369,11725.05562218717,8557.446927892031,2377.4313326404604,2389.0689513250063,2101.487122926399,2452.3533525122343,2848.2113604641363,1084.793589115557,2089.016063229445,2161.2853740484825,4176.891888856657,2870.399397724636,1555.754332455913,2875.9209801847924,0.0,3184.843224387242,2489.6794411140104,8014.8303514408435
EFRO,2510.9812975034515,6243.416783834656,6318.434484589655,7370.85294938375,5439.118104243794,2358.800861619531,1701.8548750228817,6013.908578937793,9429.19591909452,11451.376242794004,2179.5591456309016,5027.306459147683,2079.668281738598,2818.8505107888336,6878.634761429539,13282.900559270385,7111.796723483437,3422.0000222935455,795.9448462888196,2109.419990192777,863.3297003586031,1927.0385770142573,2385.7771646126907,2026.9394149057935,2186.4196889276245,2177.0499490729367,3783.3341214037023,1942.94896284112,2262.6890021087634,3184.843224387242,0.0,695.2573510545288,11195.351682199891
EFHK,1912.2938553387621,6598.71606358994,6606.914800539541,7828.74735963798,5223.847444426262,1895.5582344575273,1118.8430222369009,6308.537771925007,9830.89999106367,11078.85214073269,1574.5399279099283,4537.025110362885,1537.9389925099097,2134.8799157182702,7505.149627195536,12981.387744901565,7393.997300475772,2947.4320721225527,100.72063567001045,1646.5424706420476,398.5689357775947,1717.6968421996937,1722.928893753889,1559.3618854820566,1739.9740827336304,2409.583253800543,3363.876975912895,1319.6263258874899,2023.288540062737,2489.6794411140104,695.2573510545288,0.0,10500.580656352362
FACT,8900.787773541293,13136.631844292497,12560.803274067739,14780.473523154042,9282.845350520629,9363.399547331674,9635.66209352229,12967.734897763023,13711.343976959879,6087.871598998781,9179.18835595483,7644.498781549268,9393.055953949077,8429.362191332484,16465.20953208748,6886.082041979985,12989.53522682959,8584.107113717999,10399.864784061421,9538.261583682088,10410.637422820557,10213.775685686389,8867.258411800965,9586.034315842975,9522.742717702058,11472.045420118653,8579.965571388671,9358.288777530079,10009.776088175524,8014.8303514408435,11195.351682199891,10500.580656352362,0.0
